Date,High,Low,Open,Close,Volume,Adj Close
2018-01-02,7.21999979019165,6.769999980926514,6.840000152587891,7.21999979019165,4063000,7.21999979019165
2018-01-03,7.25,6.889999866485596,7.239999771118164,7.039999961853027,3287800,7.039999961853027
2018-01-04,7.079999923706055,6.889999866485596,7.050000190734863,7.050000190734863,2555200,7.050000190734863
2018-01-05,7.03000020980835,6.860000133514404,7.0,6.960000038146973,2419800,6.960000038146973
2018-01-08,7.079999923706055,6.860000133514404,6.940000057220459,6.920000076293945,2332600,6.920000076293945
2018-01-09,6.860000133514404,6.650000095367432,6.840000152587891,6.760000228881836,2343000,6.760000228881836
2018-01-10,6.96999979019165,6.789999961853027,6.880000114440918,6.889999866485596,2248300,6.889999866485596
2018-01-11,7.050000190734863,6.880000114440918,6.909999847412109,6.96999979019165,1957500,6.96999979019165
2018-01-12,6.960000038146973,6.599999904632568,6.929999828338623,6.789999961853027,8569400,6.789999961853027
2018-01-16,7.389999866485596,6.909999847412109,6.989999771118164,7.349999904632568,8354200,7.349999904632568
2018-01-17,7.5,7.230000019073486,7.269999980926514,7.239999771118164,3856800,7.239999771118164
2018-01-18,7.300000190734863,6.900000095367432,7.260000228881836,6.920000076293945,3588300,6.920000076293945
2018-01-19,7.03000020980835,6.860000133514404,6.989999771118164,6.880000114440918,2716400,6.880000114440918
2018-01-22,7.010000228881836,6.820000171661377,6.900000095367432,6.989999771118164,2829800,6.989999771118164
2018-01-23,7.110000133514404,6.869999885559082,6.920000076293945,7.019999980926514,4207400,7.019999980926514
2018-01-24,7.300000190734863,7.050000190734863,7.139999866485596,7.099999904632568,8271700,7.099999904632568
2018-01-25,7.099999904632568,6.5,7.050000190734863,6.510000228881836,14428700,6.510000228881836
2018-01-26,6.71999979019165,6.409999847412109,6.559999942779541,6.5,7206900,6.5
2018-01-29,6.539999961853027,6.289999961853027,6.539999961853027,6.309999942779541,5653500,6.309999942779541
2018-01-30,6.440000057220459,6.0,6.369999885559082,6.059999942779541,7313800,6.059999942779541
2018-01-31,6.179999828338623,5.800000190734863,6.170000076293945,6.119999885559082,7730300,6.119999885559082
2018-02-01,6.21999979019165,5.980000019073486,6.050000190734863,6.039999961853027,3450900,6.039999961853027
2018-02-02,5.940000057220459,5.619999885559082,5.940000057220459,5.659999847412109,6833200,5.659999847412109
2018-02-05,5.869999885559082,5.610000133514404,5.650000095367432,5.739999771118164,5039200,5.739999771118164
2018-02-06,5.800000190734863,5.630000114440918,5.659999847412109,5.659999847412109,3989800,5.659999847412109
2018-02-07,5.730000019073486,5.449999809265137,5.599999904632568,5.5,4629600,5.5
2018-02-08,5.579999923706055,5.420000076293945,5.519999980926514,5.429999828338623,3769400,5.429999828338623
2018-02-09,5.449999809265137,4.929999828338623,5.440000057220459,5.139999866485596,6907000,5.139999866485596
2018-02-12,5.71999979019165,5.139999866485596,5.170000076293945,5.599999904632568,6666900,5.599999904632568
2018-02-13,5.829999923706055,5.579999923706055,5.650000095367432,5.679999828338623,3185900,5.679999828338623
2018-02-14,6.059999942779541,5.650000095367432,5.650000095367432,5.989999771118164,4885300,5.989999771118164
2018-02-15,6.139999866485596,5.860000133514404,6.039999961853027,6.0,3077900,6.0
2018-02-16,6.070000171661377,5.690000057220459,5.940000057220459,5.78000020980835,3901000,5.78000020980835
2018-02-20,5.809999942779541,5.519999980926514,5.690000057220459,5.550000190734863,3004900,5.550000190734863
2018-02-21,5.71999979019165,5.46999979019165,5.630000114440918,5.489999771118164,3003300,5.489999771118164
2018-02-22,5.670000076293945,5.510000228881836,5.539999961853027,5.539999961853027,2021800,5.539999961853027
2018-02-23,5.630000114440918,5.46999979019165,5.519999980926514,5.570000171661377,1684800,5.570000171661377
2018-02-26,5.739999771118164,5.5,5.71999979019165,5.599999904632568,2588300,5.599999904632568
2018-02-27,5.590000152587891,5.320000171661377,5.53000020980835,5.380000114440918,2860100,5.380000114440918
2018-02-28,5.429999828338623,5.289999961853027,5.360000133514404,5.309999942779541,2123600,5.309999942779541
2018-03-01,5.53000020980835,5.090000152587891,5.199999809265137,5.510000228881836,4573900,5.510000228881836
2018-03-02,5.699999809265137,5.510000228881836,5.539999961853027,5.539999961853027,3564600,5.539999961853027
2018-03-05,5.670000076293945,5.5,5.53000020980835,5.630000114440918,2713900,5.630000114440918
2018-03-06,6.050000190734863,5.760000228881836,5.760000228881836,5.960000038146973,3737700,5.960000038146973
2018-03-07,6.019999980926514,5.659999847412109,5.949999809265137,5.710000038146973,3148400,5.710000038146973
2018-03-08,5.78000020980835,5.599999904632568,5.71999979019165,5.75,2104400,5.75
2018-03-09,5.889999866485596,5.690000057220459,5.75,5.829999923706055,2663100,5.829999923706055
2018-03-12,6.010000228881836,5.769999980926514,5.789999961853027,5.96999979019165,2161600,5.96999979019165
2018-03-13,6.079999923706055,5.920000076293945,5.989999771118164,6.059999942779541,2375100,6.059999942779541
2018-03-14,6.119999885559082,5.960000038146973,6.090000152587891,5.980000019073486,1844000,5.980000019073486
2018-03-15,5.960000038146973,5.800000190734863,5.929999828338623,5.880000114440918,2017400,5.880000114440918
2018-03-16,6.0,5.769999980926514,5.889999866485596,5.940000057220459,3481100,5.940000057220459
2018-03-19,5.989999771118164,5.829999923706055,5.900000095367432,5.96999979019165,1897800,5.96999979019165
2018-03-20,5.929999828338623,5.690000057220459,5.929999828338623,5.760000228881836,2398400,5.760000228881836
2018-03-21,6.190000057220459,5.829999923706055,5.829999923706055,6.130000114440918,3785400,6.130000114440918
2018-03-22,6.289999961853027,6.019999980926514,6.079999923706055,6.159999847412109,3109000,6.159999847412109
2018-03-23,6.510000228881836,6.340000152587891,6.360000133514404,6.360000133514404,4655900,6.360000133514404
2018-03-26,6.489999771118164,6.199999809265137,6.489999771118164,6.21999979019165,3371500,6.21999979019165
2018-03-27,6.25,6.03000020980835,6.150000095367432,6.170000076293945,2531200,6.170000076293945
2018-03-28,6.21999979019165,6.010000228881836,6.110000133514404,6.019999980926514,2460500,6.019999980926514
2018-03-29,6.130000114440918,5.96999979019165,6.059999942779541,6.110000133514404,2567600,6.110000133514404
2018-04-02,6.360000133514404,6.170000076293945,6.199999809265137,6.230000019073486,2785000,6.230000019073486
2018-04-03,6.239999771118164,6.059999942779541,6.21999979019165,6.139999866485596,1882100,6.139999866485596
2018-04-04,6.269999980926514,6.090000152587891,6.170000076293945,6.119999885559082,1811300,6.119999885559082
2018-04-05,6.199999809265137,6.039999961853027,6.059999942779541,6.170000076293945,1431900,6.170000076293945
2018-04-06,6.289999961853027,6.119999885559082,6.210000038146973,6.119999885559082,1812000,6.119999885559082
2018-04-09,6.300000190734863,6.019999980926514,6.099999904632568,6.230000019073486,2257000,6.230000019073486
2018-04-10,6.389999866485596,6.21999979019165,6.309999942779541,6.340000152587891,2167700,6.340000152587891
2018-04-11,6.800000190734863,6.449999809265137,6.480000019073486,6.610000133514404,5488900,6.610000133514404
2018-04-12,6.590000152587891,6.380000114440918,6.53000020980835,6.519999980926514,2356400,6.519999980926514
2018-04-13,6.75,6.550000190734863,6.659999847412109,6.659999847412109,2301000,6.659999847412109
2018-04-16,6.739999771118164,6.519999980926514,6.699999809265137,6.579999923706055,2124300,6.579999923706055
2018-04-17,6.730000019073486,6.519999980926514,6.570000171661377,6.710000038146973,1578100,6.710000038146973
2018-04-18,7.0,6.829999923706055,6.869999885559082,6.849999904632568,4107100,6.849999904632568
2018-04-19,6.949999809265137,6.730000019073486,6.900000095367432,6.860000133514404,2578700,6.860000133514404
2018-04-20,6.849999904632568,6.690000057220459,6.769999980926514,6.760000228881836,2197500,6.760000228881836
2018-04-23,6.659999847412109,6.429999828338623,6.630000114440918,6.46999979019165,3081300,6.46999979019165
2018-04-24,6.570000171661377,6.429999828338623,6.539999961853027,6.559999942779541,1823800,6.559999942779541
2018-04-25,6.71999979019165,6.440000057220459,6.5,6.639999866485596,2466600,6.639999866485596
2018-04-26,6.789999961853027,6.659999847412109,6.690000057220459,6.739999771118164,1694100,6.739999771118164
2018-04-27,6.889999866485596,6.699999809265137,6.739999771118164,6.769999980926514,1767600,6.769999980926514
2018-04-30,6.619999885559082,6.46999979019165,6.579999923706055,6.480000019073486,2510500,6.480000019073486
2018-05-01,6.559999942779541,6.360000133514404,6.449999809265137,6.550000190734863,1777200,6.550000190734863
2018-05-02,6.909999847412109,6.599999904632568,6.619999885559082,6.739999771118164,3898400,6.739999771118164
2018-05-03,6.880000114440918,6.75,6.869999885559082,6.800000190734863,2067000,6.800000190734863
2018-05-04,6.869999885559082,6.71999979019165,6.769999980926514,6.849999904632568,1785100,6.849999904632568
2018-05-07,6.869999885559082,6.75,6.800000190734863,6.789999961853027,1396500,6.789999961853027
2018-05-08,6.889999866485596,6.630000114440918,6.75,6.849999904632568,1908400,6.849999904632568
2018-05-09,6.940000057220459,6.820000171661377,6.880000114440918,6.840000152587891,2405000,6.840000152587891
2018-05-10,7.300000190734863,6.699999809265137,6.71999979019165,7.230000019073486,5982000,7.230000019073486
2018-05-11,7.309999942779541,7.039999961853027,7.269999980926514,7.170000076293945,3243300,7.170000076293945
2018-05-14,7.380000114440918,7.090000152587891,7.25,7.090000152587891,3584200,7.090000152587891
2018-05-15,7.03000020980835,6.829999923706055,6.96999979019165,7.0,3232000,7.0
2018-05-16,7.320000171661377,7.03000020980835,7.03000020980835,7.150000095367432,2828700,7.150000095367432
2018-05-17,7.199999809265137,7.079999923706055,7.139999866485596,7.139999866485596,1675800,7.139999866485596
2018-05-18,7.260000228881836,7.090000152587891,7.119999885559082,7.090000152587891,2355100,7.090000152587891
2018-05-21,7.320000171661377,7.070000171661377,7.099999904632568,7.289999961853027,1810800,7.289999961853027
2018-05-22,7.389999866485596,7.239999771118164,7.340000152587891,7.309999942779541,3009300,7.309999942779541
2018-05-23,7.329999923706055,7.170000076293945,7.260000228881836,7.28000020980835,2569900,7.28000020980835
2018-05-24,7.480000019073486,7.289999961853027,7.329999923706055,7.360000133514404,2961600,7.360000133514404
2018-05-25,7.400000095367432,7.170000076293945,7.329999923706055,7.199999809265137,1977700,7.199999809265137
2018-05-29,7.150000095367432,6.900000095367432,6.940000057220459,7.079999923706055,2856200,7.079999923706055
2018-05-30,7.199999809265137,7.090000152587891,7.139999866485596,7.150000095367432,1584200,7.150000095367432
2018-05-31,7.199999809265137,7.050000190734863,7.170000076293945,7.090000152587891,1248500,7.090000152587891
2018-06-01,7.190000057220459,6.96999979019165,7.079999923706055,7.130000114440918,1690400,7.130000114440918
2018-06-04,7.199999809265137,7.050000190734863,7.179999828338623,7.050000190734863,1265800,7.050000190734863
2018-06-05,7.179999828338623,7.050000190734863,7.050000190734863,7.150000095367432,1243700,7.150000095367432
2018-06-06,7.309999942779541,7.190000057220459,7.210000038146973,7.28000020980835,1851800,7.28000020980835
2018-06-07,7.480000019073486,7.309999942779541,7.320000171661377,7.46999979019165,3201600,7.46999979019165
2018-06-08,7.5,7.289999961853027,7.46999979019165,7.300000190734863,1916900,7.300000190734863
2018-06-11,7.619999885559082,7.349999904632568,7.369999885559082,7.579999923706055,3089400,7.579999923706055
2018-06-12,7.679999828338623,7.53000020980835,7.570000171661377,7.670000076293945,2016800,7.670000076293945
2018-06-13,7.840000152587891,7.579999923706055,7.699999809265137,7.769999980926514,3158200,7.769999980926514
2018-06-14,7.96999979019165,7.840000152587891,7.869999885559082,7.96999979019165,2776400,7.96999979019165
2018-06-15,7.860000133514404,7.380000114440918,7.849999904632568,7.460000038146973,8457300,7.460000038146973
2018-06-18,7.5,7.380000114440918,7.440000057220459,7.429999828338623,1958400,7.429999828338623
2018-06-19,7.460000038146973,7.159999847412109,7.230000019073486,7.340000152587891,2239800,7.340000152587891
2018-06-20,7.409999847412109,7.309999942779541,7.349999904632568,7.360000133514404,1204100,7.360000133514404
2018-06-21,7.429999828338623,7.289999961853027,7.320000171661377,7.360000133514404,1484500,7.360000133514404
2018-06-22,7.670000076293945,7.369999885559082,7.440000057220459,7.650000095367432,2380400,7.650000095367432
2018-06-25,7.699999809265137,7.420000076293945,7.590000152587891,7.46999979019165,1993600,7.46999979019165
2018-06-26,7.590000152587891,7.320000171661377,7.389999866485596,7.550000190734863,1309800,7.550000190734863
2018-06-27,7.650000095367432,7.440000057220459,7.449999809265137,7.460000038146973,1775300,7.460000038146973
2018-06-28,7.519999980926514,7.380000114440918,7.420000076293945,7.389999866485596,1642200,7.389999866485596
2018-06-29,7.679999828338623,7.420000076293945,7.460000038146973,7.630000114440918,1595300,7.630000114440918
2018-07-02,7.650000095367432,7.449999809265137,7.5,7.599999904632568,1775000,7.599999904632568
2018-07-03,8.100000381469727,7.659999847412109,7.679999828338623,8.0,3127600,8.0
2018-07-05,8.149999618530273,7.989999771118164,8.039999961853027,8.039999961853027,2495200,8.039999961853027
2018-07-06,8.319999694824219,8.069999694824219,8.079999923706055,8.260000228881836,2968900,8.260000228881836
2018-07-09,8.479999542236328,8.1899995803833,8.399999618530273,8.1899995803833,2835700,8.1899995803833
2018-07-10,8.180000305175781,7.869999885559082,8.149999618530273,8.010000228881836,2569700,8.010000228881836
2018-07-11,7.989999771118164,7.550000190734863,7.900000095367432,7.610000133514404,3753700,7.610000133514404
2018-07-12,7.789999961853027,7.570000171661377,7.71999979019165,7.619999885559082,1615200,7.619999885559082
2018-07-13,7.739999771118164,7.539999961853027,7.570000171661377,7.699999809265137,1296100,7.699999809265137
2018-07-16,7.690000057220459,7.409999847412109,7.679999828338623,7.429999828338623,2089700,7.429999828338623
2018-07-17,7.289999961853027,6.78000020980835,7.099999904632568,6.78000020980835,7783200,6.78000020980835
2018-07-18,6.940000057220459,6.679999828338623,6.679999828338623,6.849999904632568,4319600,6.849999904632568
2018-07-19,6.829999923706055,6.639999866485596,6.710000038146973,6.690000057220459,3110900,6.690000057220459
2018-07-20,6.920000076293945,6.579999923706055,6.840000152587891,6.619999885559082,3259300,6.619999885559082
2018-07-23,6.650000095367432,6.320000171661377,6.579999923706055,6.400000095367432,4042200,6.400000095367432
2018-07-24,6.599999904632568,6.46999979019165,6.46999979019165,6.53000020980835,2588000,6.53000020980835
2018-07-25,6.710000038146973,6.570000171661377,6.659999847412109,6.679999828338623,1992400,6.679999828338623
2018-07-26,6.659999847412109,6.489999771118164,6.659999847412109,6.489999771118164,1996500,6.489999771118164
2018-07-27,6.590000152587891,6.400000095367432,6.590000152587891,6.429999828338623,1632700,6.429999828338623
2018-07-30,6.53000020980835,6.420000076293945,6.429999828338623,6.5,1644600,6.5
2018-07-31,6.710000038146973,6.440000057220459,6.46999979019165,6.639999866485596,1983200,6.639999866485596
2018-08-01,6.639999866485596,6.5,6.599999904632568,6.53000020980835,2047500,6.53000020980835
2018-08-02,6.639999866485596,6.510000228881836,6.539999961853027,6.550000190734863,1553100,6.550000190734863
2018-08-03,6.730000019073486,6.539999961853027,6.539999961853027,6.579999923706055,1402500,6.579999923706055
2018-08-06,6.670000076293945,6.449999809265137,6.449999809265137,6.590000152587891,1039800,6.590000152587891
2018-08-07,6.699999809265137,6.389999866485596,6.670000076293945,6.389999866485596,1921500,6.389999866485596
2018-08-08,6.440000057220459,6.239999771118164,6.400000095367432,6.349999904632568,2484300,6.349999904632568
2018-08-09,6.559999942779541,6.329999923706055,6.360000133514404,6.489999771118164,1403400,6.489999771118164
2018-08-10,6.619999885559082,6.449999809265137,6.449999809265137,6.480000019073486,1192800,6.480000019073486
2018-08-13,6.309999942779541,5.369999885559082,6.309999942779541,5.489999771118164,8076500,5.489999771118164
2018-08-14,5.710000038146973,5.5,5.53000020980835,5.619999885559082,3712300,5.619999885559082
2018-08-15,5.409999847412109,5.010000228881836,5.400000095367432,5.139999866485596,6158100,5.139999866485596
2018-08-16,5.519999980926514,5.070000171661377,5.21999979019165,5.070000171661377,4486000,5.070000171661377
2018-08-17,5.300000190734863,5.070000171661377,5.159999847412109,5.25,4643400,5.25
2018-08-20,5.5,5.269999980926514,5.289999961853027,5.429999828338623,3138800,5.429999828338623
2018-08-21,5.559999942779541,5.429999828338623,5.460000038146973,5.510000228881836,2297500,5.510000228881836
2018-08-22,5.590000152587891,5.480000019073486,5.579999923706055,5.539999961853027,1701300,5.539999961853027
2018-08-23,5.46999979019165,5.190000057220459,5.460000038146973,5.230000019073486,2935400,5.230000019073486
2018-08-24,5.639999866485596,5.300000190734863,5.369999885559082,5.510000228881836,3167800,5.510000228881836
2018-08-27,5.900000095367432,5.510000228881836,5.579999923706055,5.849999904632568,3302800,5.849999904632568
2018-08-28,6.070000171661377,5.590000152587891,5.980000019073486,5.639999866485596,4107400,5.639999866485596
2018-08-29,5.699999809265137,5.539999961853027,5.619999885559082,5.679999828338623,2016200,5.679999828338623
2018-08-30,5.630000114440918,5.400000095367432,5.619999885559082,5.46999979019165,2842500,5.46999979019165
2018-08-31,5.610000133514404,5.46999979019165,5.46999979019165,5.559999942779541,2174400,5.559999942779541
2018-09-04,5.409999847412109,5.130000114440918,5.409999847412109,5.309999942779541,3552100,5.309999942779541
2018-09-05,5.380000114440918,5.21999979019165,5.360000133514404,5.28000020980835,1928200,5.28000020980835
2018-09-06,5.420000076293945,5.269999980926514,5.320000171661377,5.320000171661377,2561400,5.320000171661377
2018-09-07,5.53000020980835,5.150000095367432,5.199999809265137,5.449999809265137,3125900,5.449999809265137
2018-09-10,5.519999980926514,5.320000171661377,5.46999979019165,5.329999923706055,2049000,5.329999923706055
2018-09-11,5.340000152587891,5.050000190734863,5.239999771118164,5.28000020980835,3146700,5.28000020980835
2018-09-12,5.690000057220459,5.179999828338623,5.300000190734863,5.610000133514404,3183600,5.610000133514404
2018-09-13,5.760000228881836,5.46999979019165,5.730000019073486,5.539999961853027,2712200,5.539999961853027
2018-09-14,5.590000152587891,5.440000057220459,5.550000190734863,5.460000038146973,1802300,5.460000038146973
2018-09-17,5.710000038146973,5.440000057220459,5.510000228881836,5.679999828338623,2863300,5.679999828338623
2018-09-18,5.789999961853027,5.650000095367432,5.699999809265137,5.710000038146973,2072300,5.710000038146973
2018-09-19,5.949999809265137,5.730000019073486,5.78000020980835,5.880000114440918,3124400,5.880000114440918
2018-09-20,5.96999979019165,5.619999885559082,5.960000038146973,5.730000019073486,3409200,5.730000019073486
2018-09-21,5.75,5.489999771118164,5.579999923706055,5.699999809265137,4366900,5.699999809265137
2018-09-24,5.880000114440918,5.590000152587891,5.699999809265137,5.599999904632568,2223500,5.599999904632568
2018-09-25,5.789999961853027,5.639999866485596,5.650000095367432,5.679999828338623,2144500,5.679999828338623
2018-09-26,5.730000019073486,5.5,5.610000133514404,5.559999942779541,2868100,5.559999942779541
2018-09-27,5.590000152587891,5.369999885559082,5.510000228881836,5.510000228881836,2402800,5.510000228881836
2018-09-28,5.769999980926514,5.539999961853027,5.570000171661377,5.679999828338623,2380900,5.679999828338623
2018-10-01,5.769999980926514,5.599999904632568,5.599999904632568,5.650000095367432,1612600,5.650000095367432
2018-10-02,5.96999979019165,5.75,5.78000020980835,5.800000190734863,2976100,5.800000190734863
2018-10-03,5.909999847412109,5.650000095367432,5.849999904632568,5.679999828338623,2047700,5.679999828338623
2018-10-04,5.840000152587891,5.630000114440918,5.760000228881836,5.71999979019165,1939700,5.71999979019165
2018-10-05,5.820000171661377,5.630000114440918,5.75,5.670000076293945,1148500,5.670000076293945
2018-10-08,5.789999961853027,5.440000057220459,5.550000190734863,5.789999961853027,2067400,5.789999961853027
2018-10-09,5.809999942779541,5.610000133514404,5.670000076293945,5.690000057220459,1931500,5.690000057220459
2018-10-10,5.760000228881836,5.53000020980835,5.670000076293945,5.71999979019165,1978600,5.71999979019165
2018-10-11,6.289999961853027,5.699999809265137,5.829999923706055,6.21999979019165,5198500,6.21999979019165
2018-10-12,6.21999979019165,5.880000114440918,6.170000076293945,6.159999847412109,3790800,6.159999847412109
2018-10-15,6.489999771118164,6.239999771118164,6.25,6.300000190734863,3553500,6.300000190734863
2018-10-16,6.449999809265137,6.130000114440918,6.380000114440918,6.269999980926514,2727200,6.269999980926514
2018-10-17,6.360000133514404,6.150000095367432,6.269999980926514,6.239999771118164,1925400,6.239999771118164
2018-10-18,6.389999866485596,6.110000133514404,6.199999809265137,6.269999980926514,2451400,6.269999980926514
2018-10-19,6.429999828338623,6.139999866485596,6.380000114440918,6.25,2164100,6.25
2018-10-22,6.269999980926514,6.03000020980835,6.190000057220459,6.21999979019165,1772200,6.21999979019165
2018-10-23,6.5,6.130000114440918,6.409999847412109,6.199999809265137,2413100,6.199999809265137
2018-10-24,6.28000020980835,6.070000171661377,6.190000057220459,6.070000171661377,2095500,6.070000171661377
2018-10-25,6.170000076293945,5.679999828338623,6.090000152587891,5.699999809265137,4131700,5.699999809265137
2018-10-26,5.920000076293945,5.599999904632568,5.739999771118164,5.710000038146973,2867400,5.710000038146973
2018-10-29,5.78000020980835,5.550000190734863,5.679999828338623,5.590000152587891,2034100,5.590000152587891
2018-10-30,5.809999942779541,5.559999942779541,5.599999904632568,5.690000057220459,2138700,5.690000057220459
2018-10-31,5.590000152587891,5.420000076293945,5.579999923706055,5.550000190734863,3175400,5.550000190734863
2018-11-01,5.860000133514404,5.670000076293945,5.71999979019165,5.800000190734863,2829600,5.800000190734863
2018-11-02,5.929999828338623,5.699999809265137,5.769999980926514,5.920000076293945,2108100,5.920000076293945
2018-11-05,6.0,5.78000020980835,5.929999828338623,5.869999885559082,1869200,5.869999885559082
2018-11-06,5.909999847412109,5.699999809265137,5.840000152587891,5.699999809265137,1579800,5.699999809265137
2018-11-07,5.760000228881836,5.46999979019165,5.75,5.5,3011900,5.5
2018-11-08,5.630000114440918,5.460000038146973,5.489999771118164,5.539999961853027,2025300,5.539999961853027
2018-11-09,5.53000020980835,5.329999923706055,5.429999828338623,5.400000095367432,2589400,5.400000095367432
2018-11-12,5.329999923706055,5.079999923706055,5.320000171661377,5.090000152587891,3082900,5.090000152587891
2018-11-13,5.170000076293945,4.75,5.099999904632568,4.869999885559082,5990000,4.869999885559082
2018-11-14,5.260000228881836,4.880000114440918,4.880000114440918,5.199999809265137,3930600,5.199999809265137
2018-11-15,5.460000038146973,5.230000019073486,5.230000019073486,5.329999923706055,2478200,5.329999923706055
2018-11-16,5.480000019073486,5.329999923706055,5.449999809265137,5.409999847412109,1727900,5.409999847412109
2018-11-19,5.449999809265137,5.239999771118164,5.340000152587891,5.269999980926514,1889400,5.269999980926514
2018-11-20,5.320000171661377,5.079999923706055,5.260000228881836,5.239999771118164,2305800,5.239999771118164
2018-11-21,5.599999904632568,5.28000020980835,5.289999961853027,5.559999942779541,2309900,5.559999942779541
2018-11-23,5.449999809265137,5.03000020980835,5.369999885559082,5.090000152587891,3016900,5.090000152587891
2018-11-26,5.159999847412109,4.860000133514404,5.130000114440918,4.860000133514404,3732500,4.860000133514404
2018-11-27,4.940000057220459,4.71999979019165,4.929999828338623,4.78000020980835,3398000,4.78000020980835
2018-11-28,4.989999771118164,4.659999847412109,4.800000190734863,4.949999809265137,3844800,4.949999809265137
2018-11-29,4.989999771118164,4.869999885559082,4.960000038146973,4.880000114440918,1752700,4.880000114440918
2018-11-30,4.840000152587891,4.590000152587891,4.800000190734863,4.800000190734863,2337500,4.800000190734863
2018-12-03,5.0,4.800000190734863,4.949999809265137,4.909999847412109,2609400,4.909999847412109
2018-12-04,5.139999866485596,4.929999828338623,4.989999771118164,4.940000057220459,2565200,4.940000057220459
2018-12-06,4.989999771118164,4.849999904632568,4.929999828338623,4.909999847412109,1608200,4.909999847412109
2018-12-07,5.170000076293945,4.929999828338623,4.980000019073486,5.139999866485596,2301600,5.139999866485596
2018-12-10,5.230000019073486,5.0,5.039999961853027,5.130000114440918,2430100,5.130000114440918
2018-12-11,5.349999904632568,5.090000152587891,5.230000019073486,5.110000133514404,2043200,5.110000133514404
2018-12-12,5.329999923706055,5.130000114440918,5.139999866485596,5.309999942779541,2296600,5.309999942779541
2018-12-13,5.400000095367432,5.190000057220459,5.25,5.28000020980835,2005400,5.28000020980835
2018-12-14,5.25,4.989999771118164,5.110000133514404,5.150000095367432,2051100,5.150000095367432
2018-12-17,5.5,5.150000095367432,5.170000076293945,5.449999809265137,3635200,5.449999809265137
2018-12-18,5.730000019073486,5.300000190734863,5.440000057220459,5.710000038146973,3787700,5.710000038146973
2018-12-19,5.909999847412109,5.199999809265137,5.730000019073486,5.199999809265137,4951300,5.199999809265137
2018-12-20,5.630000114440918,5.329999923706055,5.460000038146973,5.579999923706055,3503700,5.579999923706055
2018-12-21,5.71999979019165,5.46999979019165,5.539999961853027,5.550000190734863,5281600,5.550000190734863
2018-12-24,5.829999923706055,5.599999904632568,5.639999866485596,5.760000228881836,1839100,5.760000228881836
2018-12-26,6.079999923706055,5.699999809265137,5.829999923706055,5.869999885559082,3908800,5.869999885559082
2018-12-27,6.050000190734863,5.78000020980835,5.929999828338623,5.96999979019165,3603800,5.96999979019165
2018-12-28,5.920000076293945,5.710000038146973,5.849999904632568,5.75,3271200,5.75
2018-12-31,5.900000095367432,5.619999885559082,5.75,5.889999866485596,2358400,5.889999866485596
2019-01-02,6.079999923706055,5.829999923706055,5.880000114440918,6.019999980926514,2639600,6.019999980926514
2019-01-03,6.329999923706055,6.03000020980835,6.099999904632568,6.300000190734863,3909800,6.300000190734863
2019-01-04,6.369999885559082,6.059999942779541,6.190000057220459,6.210000038146973,4333300,6.210000038146973
2019-01-07,6.329999923706055,6.010000228881836,6.329999923706055,6.059999942779541,3452800,6.059999942779541
2019-01-08,6.179999828338623,5.829999923706055,5.980000019073486,6.130000114440918,2930700,6.130000114440918
2019-01-09,6.28000020980835,6.090000152587891,6.130000114440918,6.210000038146973,1737000,6.210000038146973
2019-01-10,6.239999771118164,6.039999961853027,6.159999847412109,6.059999942779541,1707000,6.059999942779541
2019-01-11,6.119999885559082,5.929999828338623,6.099999904632568,5.980000019073486,1963300,5.980000019073486
2019-01-14,6.059999942779541,5.909999847412109,6.019999980926514,5.980000019073486,1617100,5.980000019073486
2019-01-15,5.900000095367432,5.329999923706055,5.900000095367432,5.380000114440918,7116600,5.380000114440918
2019-01-16,5.440000057220459,5.21999979019165,5.429999828338623,5.25,4132200,5.25
2019-01-17,5.309999942779541,5.010000228881836,5.179999828338623,5.25,3557000,5.25
2019-01-18,5.28000020980835,5.059999942779541,5.159999847412109,5.150000095367432,3894800,5.150000095367432
2019-01-22,5.230000019073486,5.059999942779541,5.119999885559082,5.159999847412109,2452600,5.159999847412109
2019-01-23,5.28000020980835,5.079999923706055,5.119999885559082,5.170000076293945,2364400,5.170000076293945
2019-01-24,5.380000114440918,5.130000114440918,5.179999828338623,5.260000228881836,4398900,5.260000228881836
2019-01-25,5.630000114440918,5.369999885559082,5.400000095367432,5.550000190734863,3857400,5.550000190734863
2019-01-28,5.650000095367432,5.460000038146973,5.559999942779541,5.610000133514404,2867200,5.610000133514404
2019-01-29,5.929999828338623,5.670000076293945,5.730000019073486,5.809999942779541,4769300,5.809999942779541
2019-01-30,6.050000190734863,5.679999828338623,5.760000228881836,5.989999771118164,3786900,5.989999771118164
2019-01-31,6.170000076293945,6.019999980926514,6.070000171661377,6.119999885559082,3272800,6.119999885559082
2019-02-01,6.079999923706055,5.869999885559082,6.079999923706055,6.0,3359300,6.0
2019-02-04,6.050000190734863,5.809999942779541,5.840000152587891,6.050000190734863,1891400,6.050000190734863
2019-02-05,6.119999885559082,5.980000019073486,6.010000228881836,6.110000133514404,2238200,6.110000133514404
2019-02-06,6.21999979019165,6.010000228881836,6.010000228881836,6.039999961853027,2826300,6.039999961853027
2019-02-07,6.079999923706055,5.829999923706055,6.039999961853027,5.860000133514404,3353100,5.860000133514404
2019-02-08,6.070000171661377,5.889999866485596,5.909999847412109,6.03000020980835,2148400,6.03000020980835
2019-02-11,6.070000171661377,5.920000076293945,5.949999809265137,5.989999771118164,1348600,5.989999771118164
2019-02-12,6.050000190734863,5.869999885559082,6.0,5.929999828338623,2140800,5.929999828338623
2019-02-13,6.059999942779541,5.849999904632568,5.869999885559082,5.920000076293945,2085200,5.920000076293945
2019-02-14,6.059999942779541,5.860000133514404,5.929999828338623,6.050000190734863,2247000,6.050000190734863
2019-02-15,6.199999809265137,6.010000228881836,6.110000133514404,6.190000057220459,3487300,6.190000057220459
2019-02-19,6.639999866485596,6.25,6.25,6.610000133514404,6203500,6.610000133514404
2019-02-20,6.820000171661377,6.559999942779541,6.699999809265137,6.659999847412109,5712900,6.659999847412109
2019-02-21,6.659999847412109,6.429999828338623,6.579999923706055,6.550000190734863,3781800,6.550000190734863
2019-02-22,6.760000228881836,6.550000190734863,6.610000133514404,6.579999923706055,3459800,6.579999923706055
2019-02-25,6.989999771118164,6.5,6.5,6.920000076293945,4270500,6.920000076293945
2019-02-26,7.079999923706055,6.699999809265137,6.78000020980835,7.03000020980835,3854600,7.03000020980835
2019-02-27,7.03000020980835,6.71999979019165,7.010000228881836,6.78000020980835,3605000,6.78000020980835
2019-02-28,6.820000171661377,6.659999847412109,6.789999961853027,6.739999771118164,2474800,6.739999771118164
2019-03-01,6.730000019073486,6.340000152587891,6.599999904632568,6.349999904632568,3815000,6.349999904632568
2019-03-04,6.400000095367432,6.119999885559082,6.320000171661377,6.400000095367432,3664700,6.400000095367432
2019-03-05,6.46999979019165,6.269999980926514,6.400000095367432,6.460000038146973,2891800,6.460000038146973
2019-03-06,6.53000020980835,6.269999980926514,6.449999809265137,6.309999942779541,3789600,6.309999942779541
2019-03-07,6.5,6.239999771118164,6.28000020980835,6.489999771118164,2468800,6.489999771118164
2019-03-08,6.789999961853027,6.570000171661377,6.710000038146973,6.78000020980835,3672600,6.78000020980835
2019-03-11,6.829999923706055,6.53000020980835,6.75,6.630000114440918,3311000,6.630000114440918
2019-03-12,6.889999866485596,6.690000057220459,6.699999809265137,6.869999885559082,2820300,6.869999885559082
2019-03-13,7.019999980926514,6.849999904632568,6.880000114440918,6.960000038146973,3529900,6.960000038146973
2019-03-14,6.820000171661377,6.599999904632568,6.659999847412109,6.619999885559082,3441500,6.619999885559082
2019-03-15,6.840000152587891,6.579999923706055,6.679999828338623,6.71999979019165,5493100,6.71999979019165
2019-03-18,6.789999961853027,6.539999961853027,6.710000038146973,6.650000095367432,3479600,6.650000095367432
2019-03-19,6.800000190734863,6.639999866485596,6.789999961853027,6.769999980926514,2576300,6.769999980926514
2019-03-20,6.960000038146973,6.570000171661377,6.75,6.900000095367432,3970100,6.900000095367432
2019-03-21,7.070000171661377,6.75,6.900000095367432,6.940000057220459,3848200,6.940000057220459
2019-03-22,7.010000228881836,6.849999904632568,6.900000095367432,6.889999866485596,2871600,6.889999866485596
2019-03-25,7.190000057220459,6.889999866485596,6.949999809265137,7.150000095367432,3815600,7.150000095367432
2019-03-26,7.150000095367432,7.0,7.090000152587891,7.119999885559082,2378600,7.119999885559082
2019-03-27,7.150000095367432,6.849999904632568,7.130000114440918,6.900000095367432,3280700,6.900000095367432
2019-03-28,6.679999828338623,6.46999979019165,6.679999828338623,6.619999885559082,4406900,6.619999885559082
2019-03-29,6.769999980926514,6.559999942779541,6.730000019073486,6.579999923706055,3103100,6.579999923706055
2019-04-01,6.610000133514404,6.239999771118164,6.599999904632568,6.320000171661377,3910600,6.320000171661377
2019-04-02,6.380000114440918,6.21999979019165,6.230000019073486,6.300000190734863,1999200,6.300000190734863
2019-04-03,6.420000076293945,6.260000228881836,6.349999904632568,6.340000152587891,2542000,6.340000152587891
2019-04-04,6.550000190734863,6.159999847412109,6.230000019073486,6.550000190734863,2597600,6.550000190734863
2019-04-05,6.53000020980835,6.409999847412109,6.46999979019165,6.449999809265137,1349400,6.449999809265137
2019-04-08,6.659999847412109,6.5,6.590000152587891,6.539999961853027,2087300,6.539999961853027
2019-04-09,6.639999866485596,6.539999961853027,6.570000171661377,6.599999904632568,1383700,6.599999904632568
2019-04-10,6.639999866485596,6.480000019073486,6.579999923706055,6.480000019073486,1729900,6.480000019073486
2019-04-11,6.440000057220459,6.239999771118164,6.349999904632568,6.300000190734863,2597300,6.300000190734863
2019-04-12,6.400000095367432,6.25,6.349999904632568,6.269999980926514,1639400,6.269999980926514
2019-04-15,6.329999923706055,6.119999885559082,6.190000057220459,6.28000020980835,2160400,6.28000020980835
2019-04-16,6.230000019073486,6.039999961853027,6.230000019073486,6.070000171661377,2873700,6.070000171661377
2019-04-17,6.210000038146973,6.0,6.119999885559082,6.039999961853027,2679200,6.039999961853027
2019-04-18,6.179999828338623,6.010000228881836,6.079999923706055,6.070000171661377,2111300,6.070000171661377
2019-04-22,6.130000114440918,5.880000114440918,6.039999961853027,5.900000095367432,2470800,5.900000095367432
2019-04-23,6.019999980926514,5.78000020980835,5.809999942779541,5.949999809265137,2662100,5.949999809265137
2019-04-24,6.079999923706055,5.880000114440918,5.960000038146973,5.989999771118164,2935200,5.989999771118164
2019-04-25,6.119999885559082,5.940000057220459,6.03000020980835,6.010000228881836,2994700,6.010000228881836
2019-04-26,6.349999904632568,6.050000190734863,6.050000190734863,6.320000171661377,4134700,6.320000171661377
2019-04-29,6.260000228881836,6.03000020980835,6.260000228881836,6.079999923706055,2357300,6.079999923706055
2019-04-30,6.179999828338623,6.070000171661377,6.099999904632568,6.139999866485596,1815900,6.139999866485596
2019-05-01,6.239999771118164,5.900000095367432,6.099999904632568,5.96999979019165,3306800,5.96999979019165
2019-05-02,5.920000076293945,5.650000095367432,5.900000095367432,5.739999771118164,3876300,5.739999771118164
2019-05-03,5.940000057220459,5.789999961853027,5.849999904632568,5.829999923706055,2379300,5.829999923706055
2019-05-06,5.880000114440918,5.730000019073486,5.769999980926514,5.829999923706055,1328500,5.829999923706055
2019-05-07,6.050000190734863,5.739999771118164,5.880000114440918,6.03000020980835,2765400,6.03000020980835
2019-05-08,6.119999885559082,5.820000171661377,6.039999961853027,5.840000152587891,2413600,5.840000152587891
2019-05-09,6.059999942779541,5.829999923706055,5.920000076293945,6.0,3527000,6.0
2019-05-10,5.96999979019165,5.849999904632568,5.960000038146973,5.880000114440918,2861800,5.880000114440918
2019-05-13,6.070000171661377,5.889999866485596,5.989999771118164,6.070000171661377,3357100,6.070000171661377
2019-05-14,6.050000190734863,5.820000171661377,6.050000190734863,5.929999828338623,1932000,5.929999828338623
2019-05-15,6.050000190734863,5.909999847412109,5.989999771118164,5.929999828338623,1774500,5.929999828338623
2019-05-16,5.909999847412109,5.739999771118164,5.900000095367432,5.800000190734863,2261900,5.800000190734863
2019-05-17,5.889999866485596,5.699999809265137,5.75,5.860000133514404,2521000,5.860000133514404
2019-05-20,5.869999885559082,5.789999961853027,5.829999923706055,5.809999942779541,1093700,5.809999942779541
2019-05-21,5.809999942779541,5.650000095367432,5.75,5.769999980926514,2395600,5.769999980926514
2019-05-22,5.829999923706055,5.53000020980835,5.809999942779541,5.53000020980835,2681500,5.53000020980835
2019-05-23,5.769999980926514,5.539999961853027,5.610000133514404,5.599999904632568,2816600,5.599999904632568
2019-05-24,5.699999809265137,5.480000019073486,5.570000171661377,5.670000076293945,2156400,5.670000076293945
2019-05-28,5.659999847412109,5.480000019073486,5.599999904632568,5.550000190734863,3591400,5.550000190734863
2019-05-29,5.639999866485596,5.510000228881836,5.619999885559082,5.539999961853027,2153300,5.539999961853027
2019-05-30,5.769999980926514,5.489999771118164,5.53000020980835,5.739999771118164,2475900,5.739999771118164
2019-05-31,6.130000114440918,5.849999904632568,5.869999885559082,6.079999923706055,3651700,6.079999923706055
2019-06-03,6.460000038146973,6.119999885559082,6.199999809265137,6.449999809265137,4190500,6.449999809265137
2019-06-04,6.550000190734863,6.260000228881836,6.340000152587891,6.389999866485596,3813900,6.389999866485596
2019-06-05,6.71999979019165,6.309999942779541,6.539999961853027,6.360000133514404,4113500,6.360000133514404
2019-06-06,6.519999980926514,6.340000152587891,6.420000076293945,6.489999771118164,2177100,6.489999771118164
2019-06-07,6.610000133514404,6.409999847412109,6.579999923706055,6.440000057220459,2113900,6.440000057220459
2019-06-10,6.320000171661377,6.179999828338623,6.28000020980835,6.300000190734863,2220200,6.300000190734863
2019-06-11,6.46999979019165,6.21999979019165,6.260000228881836,6.46999979019165,1882900,6.46999979019165
2019-06-12,6.650000095367432,6.46999979019165,6.550000190734863,6.559999942779541,1879600,6.559999942779541
2019-06-13,6.690000057220459,6.5,6.559999942779541,6.630000114440918,1689900,6.630000114440918
2019-06-14,6.820000171661377,6.409999847412109,6.690000057220459,6.550000190734863,2741500,6.550000190734863
2019-06-17,6.739999771118164,6.539999961853027,6.539999961853027,6.71999979019165,2369000,6.71999979019165
2019-06-18,6.860000133514404,6.659999847412109,6.820000171661377,6.730000019073486,2457700,6.730000019073486
2019-06-19,6.929999828338623,6.659999847412109,6.690000057220459,6.900000095367432,2864600,6.900000095367432
2019-06-20,7.550000190734863,7.150000095367432,7.230000019073486,7.380000114440918,6927500,7.380000114440918
2019-06-21,7.5,7.170000076293945,7.349999904632568,7.460000038146973,5466900,7.460000038146973
2019-06-24,8.029999732971191,7.510000228881836,7.550000190734863,8.010000228881836,6986300,8.010000228881836
2019-06-25,8.130000114440918,7.679999828338623,8.0,7.900000095367432,7085300,7.900000095367432
2019-06-26,8.020000457763672,7.630000114440918,7.659999847412109,7.829999923706055,4529500,7.829999923706055
2019-06-27,7.800000190734863,7.610000133514404,7.699999809265137,7.769999980926514,3484300,7.769999980926514
2019-06-28,7.920000076293945,7.71999979019165,7.809999942779541,7.909999847412109,3723500,7.909999847412109
2019-07-01,7.71999979019165,7.429999828338623,7.610000133514404,7.449999809265137,4093000,7.449999809265137
2019-07-02,7.960000038146973,7.360000133514404,7.5,7.929999828338623,4265300,7.929999828338623
2019-07-03,8.0,7.78000020980835,8.0,7.880000114440918,1713400,7.880000114440918
2019-07-05,7.840000152587891,7.510000228881836,7.610000133514404,7.78000020980835,3507800,7.78000020980835
2019-07-08,7.869999885559082,7.690000057220459,7.820000171661377,7.78000020980835,2682500,7.78000020980835
2019-07-09,7.920000076293945,7.690000057220459,7.78000020980835,7.909999847412109,2842700,7.909999847412109
2019-07-10,8.25,7.96999979019165,8.109999656677246,8.140000343322754,3683600,8.140000343322754
2019-07-11,8.15999984741211,7.820000171661377,8.140000343322754,7.929999828338623,3436800,7.929999828338623
2019-07-12,7.949999809265137,7.78000020980835,7.940000057220459,7.800000190734863,3693800,7.800000190734863
2019-07-15,7.920000076293945,7.730000019073486,7.809999942779541,7.909999847412109,3794600,7.909999847412109
2019-07-16,8.6899995803833,7.900000095367432,7.929999828338623,8.569999694824219,7700900,8.569999694824219
2019-07-17,9.369999885559082,8.710000038146973,8.75,9.3100004196167,8908100,9.3100004196167
2019-07-18,9.979999542236328,9.199999809265137,9.319999694824219,9.920000076293945,11510400,9.920000076293945
2019-07-19,10.239999771118164,9.640000343322754,9.890000343322754,9.899999618530273,9735400,9.899999618530273
2019-07-22,10.359999656677246,10.0,10.029999732971191,10.100000381469727,8325600,10.100000381469727
2019-07-23,10.359999656677246,9.739999771118164,10.119999885559082,10.020000457763672,7037000,10.020000457763672
2019-07-24,10.390000343322754,10.140000343322754,10.25,10.260000228881836,5564300,10.260000228881836
2019-07-25,10.210000038146973,9.539999961853027,10.180000305175781,9.670000076293945,8060100,9.670000076293945
2019-07-26,9.90999984741211,9.6899995803833,9.760000228881836,9.819999694824219,3661800,9.819999694824219
2019-07-29,10.010000228881836,9.640000343322754,9.869999885559082,9.979999542236328,3172900,9.979999542236328
2019-07-30,10.15999984741211,9.949999809265137,10.029999732971191,10.0600004196167,3393000,10.0600004196167
2019-07-31,10.020000457763672,9.140000343322754,9.979999542236328,9.420000076293945,11229100,9.420000076293945
2019-08-01,9.9399995803833,8.960000038146973,9.020000457763672,9.84000015258789,9153600,9.84000015258789
2019-08-02,9.829999923706055,9.489999771118164,9.710000038146973,9.550000190734863,6031000,9.550000190734863
2019-08-05,10.399999618530273,9.930000305175781,9.960000038146973,10.020000457763672,6506600,10.020000457763672
2019-08-06,10.149999618530273,9.779999732971191,9.989999771118164,9.890000343322754,4505700,9.890000343322754
2019-08-07,10.970000267028809,10.380000114440918,10.380000114440918,10.479999542236328,9700700,10.479999542236328
2019-08-08,10.859999656677246,10.15999984741211,10.239999771118164,10.8100004196167,4664100,10.8100004196167
2019-08-09,10.880000114440918,10.649999618530273,10.819999694824219,10.710000038146973,6199800,10.710000038146973
2019-08-12,11.109999656677246,10.630000114440918,10.75,10.65999984741211,6437500,10.65999984741211
2019-08-13,11.0,9.829999923706055,10.960000038146973,10.270000457763672,11310100,10.270000457763672
2019-08-14,10.739999771118164,10.15999984741211,10.529999732971191,10.180000305175781,6713500,10.180000305175781
2019-08-15,10.350000381469727,9.930000305175781,10.0600004196167,10.260000228881836,3832600,10.260000228881836
2019-08-16,10.260000228881836,9.819999694824219,10.050000190734863,9.899999618530273,4983200,9.899999618530273
2019-08-19,10.350000381469727,9.470000267028809,9.600000381469727,9.989999771118164,5158100,9.989999771118164
2019-08-20,10.630000114440918,10.109999656677246,10.149999618530273,10.5,3707000,10.5
2019-08-21,10.649999618530273,10.369999885559082,10.390000343322754,10.4399995803833,2779200,10.4399995803833
2019-08-22,10.529999732971191,10.270000457763672,10.350000381469727,10.3100004196167,2202000,10.3100004196167
2019-08-23,11.0600004196167,10.380000114440918,10.40999984741211,11.010000228881836,5221500,11.010000228881836
2019-08-26,11.220000267028809,10.829999923706055,11.100000381469727,10.949999809265137,4734000,10.949999809265137
2019-08-27,11.460000038146973,11.119999885559082,11.229999542236328,11.25,6574500,11.25
2019-08-28,11.569999694824219,11.020000457763672,11.350000381469727,11.210000038146973,4927800,11.210000038146973
2019-08-29,11.289999961853027,10.550000190734863,11.279999732971191,10.739999771118164,6388800,10.739999771118164
2019-08-30,11.069999694824219,10.699999809265137,10.789999961853027,10.880000114440918,3943900,10.880000114440918
2019-09-03,11.619999885559082,11.079999923706055,11.130000114440918,11.279999732971191,6525700,11.279999732971191
2019-09-04,11.449999809265137,11.109999656677246,11.270000457763672,11.319999694824219,4934800,11.319999694824219
2019-09-05,10.970000267028809,10.100000381469727,10.890000343322754,10.279999732971191,8793300,10.279999732971191
2019-09-06,10.430000305175781,9.850000381469727,10.279999732971191,9.869999885559082,6150200,9.869999885559082
2019-09-09,9.930000305175781,9.420000076293945,9.850000381469727,9.729999542236328,6643400,9.729999542236328
2019-09-10,10.020000457763672,9.529999732971191,9.630000114440918,9.770000457763672,4779000,9.770000457763672
2019-09-11,10.220000267028809,9.770000457763672,9.859999656677246,9.960000038146973,4278200,9.960000038146973
2019-09-12,10.5,9.760000228881836,10.350000381469727,9.779999732971191,5455800,9.779999732971191
2019-09-13,9.949999809265137,9.300000190734863,9.829999923706055,9.3100004196167,5981100,9.3100004196167
2019-09-16,9.800000190734863,9.300000190734863,9.670000076293945,9.670000076293945,4147000,9.670000076293945
2019-09-17,9.859999656677246,9.569999694824219,9.779999732971191,9.800000190734863,3230100,9.800000190734863
2019-09-18,9.899999618530273,9.3100004196167,9.779999732971191,9.630000114440918,4838400,9.630000114440918
2019-09-19,10.050000190734863,9.630000114440918,9.649999618530273,9.970000267028809,3104400,9.970000267028809
2019-09-20,10.140000343322754,9.770000457763672,9.949999809265137,10.09000015258789,4904900,10.09000015258789
2019-09-23,10.65999984741211,10.279999732971191,10.390000343322754,10.5,7987800,10.5
2019-09-24,10.640000343322754,10.100000381469727,10.319999694824219,10.529999732971191,5350300,10.529999732971191
2019-09-25,10.470000267028809,9.779999732971191,10.380000114440918,10.0,6011700,10.0
2019-09-26,10.09000015258789,9.880000114440918,9.9399995803833,9.899999618530273,4266600,9.899999618530273
2019-09-27,9.789999961853027,9.4399995803833,9.5600004196167,9.630000114440918,5362900,9.630000114440918
2019-09-30,9.479999542236328,8.90999984741211,9.319999694824219,9.09000015258789,7209200,9.09000015258789
2019-10-01,9.489999771118164,8.979999542236328,9.119999885559082,9.210000038146973,5526100,9.210000038146973
2019-10-02,9.529999732971191,9.199999809265137,9.5,9.479999542236328,3467300,9.479999542236328
2019-10-03,9.84000015258789,9.4399995803833,9.5,9.470000267028809,3745500,9.470000267028809
2019-10-04,9.699999809265137,9.3100004196167,9.420000076293945,9.65999984741211,2431200,9.65999984741211
2019-10-07,9.710000038146973,9.430000305175781,9.600000381469727,9.520000457763672,2191600,9.520000457763672
2019-10-08,9.880000114440918,9.569999694824219,9.720000267028809,9.859999656677246,3139900,9.859999656677246
2019-10-09,9.960000038146973,9.640000343322754,9.850000381469727,9.670000076293945,3044900,9.670000076293945
2019-10-10,9.779999732971191,9.420000076293945,9.630000114440918,9.75,3333300,9.75
2019-10-11,9.640000343322754,9.180000305175781,9.619999885559082,9.220000267028809,4321900,9.220000267028809
2019-10-14,9.520000457763672,9.239999771118164,9.3100004196167,9.4399995803833,1743300,9.4399995803833
2019-10-15,9.390000343322754,9.15999984741211,9.329999923706055,9.1899995803833,4023600,9.1899995803833
2019-10-16,9.960000038146973,9.270000457763672,9.319999694824219,9.949999809265137,4972000,9.949999809265137
2019-10-17,10.399999618530273,9.880000114440918,9.90999984741211,10.369999885559082,5069200,10.369999885559082
2019-10-18,10.5,10.029999732971191,10.3100004196167,10.239999771118164,3535600,10.239999771118164
2019-10-21,10.449999809265137,9.930000305175781,10.369999885559082,9.960000038146973,3051800,9.960000038146973
2019-10-22,10.100000381469727,9.760000228881836,9.979999542236328,9.890000343322754,2894200,9.890000343322754
2019-10-23,10.270000457763672,9.949999809265137,9.960000038146973,10.039999961853027,3116300,10.039999961853027
2019-10-24,10.449999809265137,10.079999923706055,10.079999923706055,10.449999809265137,2722100,10.449999809265137
2019-10-25,10.979999542236328,10.430000305175781,10.84000015258789,10.75,5665300,10.75
2019-10-28,10.600000381469727,10.270000457763672,10.550000190734863,10.3100004196167,3637000,10.3100004196167
2019-10-29,10.4399995803833,10.119999885559082,10.170000076293945,10.3100004196167,2918100,10.3100004196167
2019-10-30,10.420000076293945,9.9399995803833,10.380000114440918,10.369999885559082,4097900,10.369999885559082
2019-10-31,10.710000038146973,10.350000381469727,10.59000015258789,10.670000076293945,4332200,10.670000076293945
2019-11-01,11.0,10.460000038146973,10.510000228881836,10.989999771118164,4199800,10.989999771118164
2019-11-04,10.970000267028809,10.630000114440918,10.970000267028809,10.649999618530273,4527500,10.649999618530273
2019-11-05,10.350000381469727,9.960000038146973,10.3100004196167,10.140000343322754,8752600,10.140000343322754
2019-11-06,10.25,9.890000343322754,10.199999809265137,10.180000305175781,5372400,10.180000305175781
2019-11-07,10.430000305175781,9.569999694824219,10.039999961853027,9.6899995803833,7852100,9.6899995803833
2019-11-08,9.970000267028809,9.40999984741211,9.470000267028809,9.800000190734863,3845000,9.800000190734863
2019-11-11,10.25,9.770000457763672,9.84000015258789,10.229999542236328,5030500,10.229999542236328
2019-11-12,10.609999656677246,10.069999694824219,10.149999618530273,10.59000015258789,4798200,10.59000015258789
2019-11-13,10.779999732971191,10.470000267028809,10.75,10.5,3542900,10.5
2019-11-14,10.770000457763672,10.5,10.600000381469727,10.760000228881836,2943200,10.760000228881836
2019-11-15,10.720000267028809,10.550000190734863,10.59000015258789,10.600000381469727,2262200,10.600000381469727
2019-11-18,10.869999885559082,10.529999732971191,10.529999732971191,10.84000015258789,2820700,10.84000015258789
2019-11-19,11.0600004196167,10.739999771118164,10.770000457763672,10.829999923706055,3735900,10.829999923706055
2019-11-20,10.989999771118164,10.729999542236328,10.850000381469727,10.960000038146973,2651200,10.960000038146973
2019-11-21,10.960000038146973,10.5,10.890000343322754,10.510000228881836,3144300,10.510000228881836
2019-11-22,10.640000343322754,10.329999923706055,10.550000190734863,10.510000228881836,2368600,10.510000228881836
2019-11-25,10.670000076293945,10.34000015258789,10.369999885559082,10.40999984741211,1835000,10.40999984741211
2019-11-26,10.869999885559082,10.430000305175781,10.479999542236328,10.819999694824219,3047200,10.819999694824219
2019-11-27,10.75,10.369999885559082,10.75,10.5600004196167,2964600,10.5600004196167
2019-11-29,10.800000190734863,10.5,10.5600004196167,10.760000228881836,2135600,10.760000228881836
2019-12-02,10.930000305175781,10.5600004196167,10.609999656677246,10.90999984741211,3100500,10.90999984741211
2019-12-03,11.380000114440918,11.079999923706055,11.15999984741211,11.260000228881836,5368200,11.260000228881836
2019-12-04,11.239999771118164,10.899999618530273,11.1899995803833,11.029999732971191,3815500,11.029999732971191
2019-12-05,11.460000038146973,10.979999542236328,11.050000190734863,11.229999542236328,3475400,11.229999542236328
2019-12-06,10.899999618530273,10.470000267028809,10.890000343322754,10.470000267028809,6573800,10.470000267028809
2019-12-09,10.65999984741211,10.369999885559082,10.640000343322754,10.40999984741211,3094500,10.40999984741211
2019-12-10,10.600000381469727,10.449999809265137,10.5600004196167,10.59000015258789,2304900,10.59000015258789
2019-12-11,10.819999694824219,10.460000038146973,10.579999923706055,10.710000038146973,5357300,10.710000038146973
2019-12-12,11.0600004196167,10.550000190734863,10.9399995803833,10.6899995803833,5806400,10.6899995803833
2019-12-13,11.229999542236328,10.649999618530273,10.649999618530273,11.229999542236328,6247000,11.229999542236328
2019-12-16,11.489999771118164,11.100000381469727,11.289999961853027,11.140000343322754,4937600,11.140000343322754
2019-12-17,11.380000114440918,11.119999885559082,11.149999618530273,11.140000343322754,2819200,11.140000343322754
2019-12-18,11.020000457763672,10.529999732971191,10.949999809265137,10.880000114440918,7191700,10.880000114440918
2019-12-19,10.960000038146973,10.680000305175781,10.739999771118164,10.800000190734863,3855400,10.800000190734863
2019-12-20,10.850000381469727,10.350000381469727,10.850000381469727,10.359999656677246,5684900,10.359999656677246
2019-12-23,11.229999542236328,10.489999771118164,10.539999961853027,11.229999542236328,6785700,11.229999542236328
2019-12-24,11.979999542236328,11.300000190734863,11.319999694824219,11.960000038146973,4323200,11.960000038146973
2019-12-26,12.539999961853027,11.899999618530273,12.15999984741211,12.15999984741211,5946400,12.15999984741211
2019-12-27,12.1899995803833,11.859999656677246,12.039999961853027,11.890000343322754,5445200,11.890000343322754
2019-12-30,12.600000381469727,11.979999542236328,11.979999542236328,12.40999984741211,5642200,12.40999984741211
2019-12-31,12.6899995803833,12.25,12.539999961853027,12.260000228881836,4659300,12.260000228881836
2020-01-02,12.550000190734863,12.140000343322754,12.420000076293945,12.220000267028809,3648800,12.220000267028809
2020-01-03,12.479999542236328,11.90999984741211,12.449999809265137,11.970000267028809,4012400,11.970000267028809
2020-01-06,12.260000228881836,11.539999961853027,12.260000228881836,11.649999618530273,6245000,11.649999618530273
2020-01-07,12.0,11.579999923706055,11.649999618530273,11.949999809265137,3730000,11.949999809265137
2020-01-08,11.770000457763672,11.079999923706055,11.770000457763672,11.180000305175781,6945300,11.180000305175781
2020-01-09,11.180000305175781,10.84000015258789,10.960000038146973,10.850000381469727,4694600,10.850000381469727
2020-01-10,11.220000267028809,10.970000267028809,11.010000228881836,11.010000228881836,4739500,11.010000228881836
2020-01-13,10.949999809265137,10.529999732971191,10.920000076293945,10.630000114440918,4292100,10.630000114440918
2020-01-14,10.869999885559082,10.510000228881836,10.529999732971191,10.829999923706055,4057500,10.829999923706055
2020-01-15,11.15999984741211,10.699999809265137,11.039999961853027,11.0600004196167,4337000,11.0600004196167
2020-01-16,11.170000076293945,10.859999656677246,11.010000228881836,11.050000190734863,2876200,11.050000190734863
2020-01-17,11.119999885559082,10.40999984741211,11.119999885559082,10.529999732971191,6290100,10.529999732971191
2020-01-21,10.520000457763672,9.8100004196167,10.369999885559082,10.460000038146973,6482000,10.460000038146973
2020-01-22,10.630000114440918,10.289999961853027,10.380000114440918,10.329999923706055,3208000,10.329999923706055
2020-01-23,10.59000015258789,10.149999618530273,10.199999809265137,10.1899995803833,3153800,10.1899995803833
2020-01-24,10.630000114440918,10.199999809265137,10.239999771118164,10.579999923706055,3924100,10.579999923706055
2020-01-27,10.880000114440918,10.100000381469727,10.789999961853027,10.149999618530273,5145300,10.149999618530273
2020-01-28,10.15999984741211,9.8100004196167,10.039999961853027,9.920000076293945,4741600,9.920000076293945
2020-01-29,10.140000343322754,9.770000457763672,9.960000038146973,10.079999923706055,3537800,10.079999923706055
2020-01-30,10.279999732971191,9.930000305175781,10.210000038146973,10.0,3418400,10.0
2020-01-31,10.180000305175781,9.970000267028809,10.0,10.069999694824219,3058800,10.069999694824219
2020-02-03,10.020000457763672,9.630000114440918,9.979999542236328,9.789999961853027,3149900,9.789999961853027
2020-02-04,9.739999771118164,9.359999656677246,9.670000076293945,9.520000457763672,3360100,9.520000457763672
2020-02-05,9.859999656677246,9.5,9.550000190734863,9.739999771118164,2847500,9.739999771118164
2020-02-06,10.0,9.680000305175781,9.850000381469727,9.899999618530273,3208400,9.899999618530273
2020-02-07,10.029999732971191,9.569999694824219,9.890000343322754,9.569999694824219,3261400,9.569999694824219
2020-02-10,9.899999618530273,9.520000457763672,9.630000114440918,9.819999694824219,2939400,9.819999694824219
2020-02-11,9.859999656677246,9.520000457763672,9.800000190734863,9.75,2579500,9.75
2020-02-12,9.729999542236328,9.579999923706055,9.699999809265137,9.600000381469727,2267900,9.600000381469727
2020-02-13,9.850000381469727,9.579999923706055,9.75,9.630000114440918,3253300,9.630000114440918
2020-02-14,9.869999885559082,9.5600004196167,9.640000343322754,9.600000381469727,3845400,9.600000381469727
2020-02-18,10.289999961853027,9.739999771118164,9.75,10.130000114440918,7138100,10.130000114440918
2020-02-19,10.210000038146973,9.260000228881836,10.180000305175781,9.319999694824219,14475400,9.319999694824219
2020-02-20,10.119999885559082,9.329999923706055,9.390000343322754,9.720000267028809,8905100,9.720000267028809
2020-02-21,10.029999732971191,9.8100004196167,9.960000038146973,9.960000038146973,6532900,9.960000038146973
2020-02-24,10.279999732971191,9.6899995803833,10.270000457763672,9.8100004196167,7428100,9.8100004196167
2020-02-25,9.850000381469727,9.34000015258789,9.600000381469727,9.34000015258789,5235500,9.34000015258789
2020-02-26,9.529999732971191,9.079999923706055,9.289999961853027,9.239999771118164,4600400,9.239999771118164
2020-02-27,9.430000305175781,8.25,9.350000381469727,8.300000190734863,8677000,8.300000190734863
2020-02-28,7.820000171661377,6.860000133514404,7.190000057220459,7.539999961853027,13324400,7.539999961853027
2020-03-02,8.100000381469727,7.639999866485596,7.900000095367432,7.909999847412109,4999000,7.909999847412109
2020-03-03,8.489999771118164,7.78000020980835,8.130000114440918,8.079999923706055,9637500,8.079999923706055
2020-03-04,8.1899995803833,7.78000020980835,8.079999923706055,8.079999923706055,3835200,8.079999923706055
2020-03-05,8.300000190734863,7.900000095367432,8.149999618530273,8.15999984741211,5156900,8.15999984741211
2020-03-06,8.180000305175781,7.579999923706055,8.170000076293945,7.920000076293945,5549700,7.920000076293945
2020-03-09,7.679999828338623,6.900000095367432,7.340000152587891,7.110000133514404,3745600,7.110000133514404
2020-03-10,7.539999961853027,6.960000038146973,7.389999866485596,7.380000114440918,3926500,7.380000114440918
2020-03-11,7.340000152587891,6.420000076293945,7.300000190734863,6.570000171661377,6245500,6.570000171661377
2020-03-12,6.690000057220459,5.400000095367432,5.559999942779541,5.639999866485596,7826500,5.639999866485596
2020-03-13,5.949999809265137,4.949999809265137,5.940000057220459,5.0,8888200,5.0
2020-03-16,5.840000152587891,4.170000076293945,4.28000020980835,5.489999771118164,9076400,5.489999771118164
2020-03-17,6.710000038146973,5.300000190734863,5.349999904632568,6.289999961853027,8819900,6.289999961853027
2020-03-18,6.599999904632568,5.349999904632568,5.840000152587891,5.400000095367432,6896400,5.400000095367432
2020-03-19,6.460000038146973,4.800000190734863,5.5,5.619999885559082,6005100,5.619999885559082
2020-03-20,6.210000038146973,5.5,6.130000114440918,5.510000228881836,6340700,5.510000228881836
2020-03-23,6.380000114440918,5.440000057220459,5.929999828338623,6.0,6855100,6.0
2020-03-24,7.380000114440918,6.599999904632568,7.150000095367432,7.230000019073486,9844000,7.230000019073486
2020-03-25,7.900000095367432,6.849999904632568,7.050000190734863,7.409999847412109,8457700,7.409999847412109
2020-03-26,7.900000095367432,7.050000190734863,7.420000076293945,7.239999771118164,6015500,7.239999771118164
2020-03-27,7.170000076293945,6.539999961853027,7.0,6.820000171661377,5203800,6.820000171661377
2020-03-30,6.980000019073486,6.099999904632568,6.71999979019165,6.389999866485596,5117200,6.389999866485596
2020-03-31,6.599999904632568,6.179999828338623,6.449999809265137,6.190000057220459,3517600,6.190000057220459
2020-04-01,6.349999904632568,5.869999885559082,6.059999942779541,6.110000133514404,5420300,6.110000133514404
2020-04-02,6.659999847412109,6.210000038146973,6.349999904632568,6.300000190734863,4608000,6.300000190734863
2020-04-03,6.539999961853027,6.0,6.300000190734863,6.050000190734863,3865600,6.050000190734863
2020-04-06,6.650000095367432,6.190000057220459,6.300000190734863,6.539999961853027,5820100,6.539999961853027
2020-04-07,6.989999771118164,6.420000076293945,6.75,6.489999771118164,4322100,6.489999771118164
2020-04-08,6.690000057220459,6.349999904632568,6.519999980926514,6.400000095367432,3542700,6.400000095367432
2020-04-09,7.190000057220459,6.639999866485596,6.75,7.070000171661377,5755700,7.070000171661377
2020-04-13,7.769999980926514,6.659999847412109,7.099999904632568,7.670000076293945,5834400,7.670000076293945
2020-04-14,8.5,7.409999847412109,8.029999732971191,7.630000114440918,7147300,7.630000114440918
2020-04-15,7.650000095367432,7.139999866485596,7.360000133514404,7.389999866485596,4681100,7.389999866485596
2020-04-16,7.570000171661377,7.130000114440918,7.46999979019165,7.349999904632568,4492800,7.349999904632568
2020-04-17,7.329999923706055,6.940000057220459,7.159999847412109,6.96999979019165,5821800,6.96999979019165
2020-04-20,7.489999771118164,6.980000019073486,7.019999980926514,7.179999828338623,4859800,7.179999828338623
2020-04-21,7.21999979019165,6.760000228881836,6.809999942779541,7.139999866485596,4590100,7.139999866485596
2020-04-22,7.570000171661377,7.340000152587891,7.349999904632568,7.400000095367432,3863100,7.400000095367432
2020-04-23,8.029999732971191,7.449999809265137,7.650000095367432,7.630000114440918,6919700,7.630000114440918
2020-04-24,7.860000133514404,7.309999942779541,7.800000190734863,7.699999809265137,4994800,7.699999809265137
2020-04-27,7.800000190734863,7.389999866485596,7.730000019073486,7.769999980926514,4219600,7.769999980926514
2020-04-28,8.1899995803833,7.659999847412109,7.760000228881836,8.109999656677246,4674600,8.109999656677246
2020-04-29,8.649999618530273,8.0600004196167,8.149999618530273,8.630000114440918,6351100,8.630000114440918
2020-04-30,8.699999809265137,7.949999809265137,8.65999984741211,8.069999694824219,5597400,8.069999694824219
2020-05-01,8.350000381469727,7.760000228881836,7.880000114440918,8.319999694824219,4268300,8.319999694824219
2020-05-04,8.479999542236328,8.180000305175781,8.399999618530273,8.210000038146973,4368300,8.210000038146973
2020-05-05,8.359999656677246,7.889999866485596,8.300000190734863,8.170000076293945,4308200,8.170000076293945
2020-05-06,8.130000114440918,7.809999942779541,8.020000457763672,7.940000057220459,3098900,7.940000057220459
2020-05-07,8.479999542236328,7.96999979019165,8.109999656677246,8.369999885559082,4981400,8.369999885559082
2020-05-08,8.6899995803833,8.220000267028809,8.40999984741211,8.279999732971191,4164100,8.279999732971191
2020-05-11,8.329999923706055,7.800000190734863,8.319999694824219,7.800000190734863,5963000,7.800000190734863
2020-05-12,8.239999771118164,7.860000133514404,7.949999809265137,7.909999847412109,4184500,7.909999847412109
2020-05-13,8.069999694824219,7.460000038146973,8.069999694824219,7.650000095367432,5516100,7.650000095367432
2020-05-14,8.039999961853027,7.199999809265137,7.53000020980835,7.900000095367432,9131200,7.900000095367432
2020-05-15,8.859999656677246,8.15999984741211,8.399999618530273,8.84000015258789,13394900,8.84000015258789
2020-05-18,9.6899995803833,9.100000381469727,9.569999694824219,9.260000228881836,9239500,9.260000228881836
2020-05-19,9.960000038146973,9.3100004196167,9.390000343322754,9.420000076293945,11263100,9.420000076293945
2020-05-20,9.819999694824219,9.479999542236328,9.600000381469727,9.710000038146973,6677900,9.710000038146973
2020-05-21,9.539999961853027,9.0600004196167,9.449999809265137,9.380000114440918,4955500,9.380000114440918
2020-05-22,9.75,9.359999656677246,9.460000038146973,9.380000114440918,3919600,9.380000114440918
2020-05-26,9.5600004196167,9.130000114440918,9.520000457763672,9.170000076293945,4892800,9.170000076293945
2020-05-27,9.489999771118164,8.8100004196167,8.880000114440918,9.470000267028809,4895500,9.470000267028809
2020-05-28,9.869999885559082,9.229999542236328,9.770000457763672,9.3100004196167,5080700,9.3100004196167
2020-05-29,10.079999923706055,9.630000114440918,9.699999809265137,10.010000228881836,8162100,10.010000228881836
2020-06-01,10.859999656677246,10.239999771118164,10.25,10.729999542236328,9666000,10.729999542236328
2020-06-02,10.800000190734863,10.079999923706055,10.800000190734863,10.09000015258789,7322100,10.09000015258789
2020-06-03,9.90999984741211,9.40999984741211,9.649999618530273,9.729999542236328,6312500,9.729999542236328
2020-06-04,10.149999618530273,9.779999732971191,9.899999618530273,9.979999542236328,4131600,9.979999542236328
2020-06-05,9.770000457763672,9.210000038146973,9.430000305175781,9.720000267028809,7635800,9.720000267028809
2020-06-08,9.930000305175781,9.579999923706055,9.890000343322754,9.920000076293945,3893900,9.920000076293945
2020-06-09,10.210000038146973,9.720000267028809,9.930000305175781,9.770000457763672,3776200,9.770000457763672
2020-06-10,10.369999885559082,9.510000228881836,9.9399995803833,10.369999885559082,6996200,10.369999885559082
2020-06-11,10.319999694824219,9.220000267028809,10.149999618530273,9.3100004196167,7904300,9.3100004196167
2020-06-12,9.699999809265137,9.149999618530273,9.600000381469727,9.260000228881836,5021700,9.260000228881836
2020-06-15,9.229999542236328,8.460000038146973,8.739999771118164,9.140000343322754,6401000,9.140000343322754
2020-06-16,9.270000457763672,8.720000267028809,9.180000305175781,8.760000228881836,5260500,8.760000228881836
2020-06-17,8.920000076293945,8.630000114440918,8.829999923706055,8.670000076293945,3440400,8.670000076293945
2020-06-18,8.680000305175781,8.369999885559082,8.600000381469727,8.40999984741211,3443400,8.40999984741211
2020-06-19,8.979999542236328,8.5600004196167,8.6899995803833,8.630000114440918,6263000,8.630000114440918
2020-06-22,9.369999885559082,8.890000343322754,8.970000267028809,9.119999885559082,6845800,9.119999885559082
2020-06-23,9.449999809265137,9.1899995803833,9.350000381469727,9.289999961853027,3908100,9.289999961853027
2020-06-24,9.300000190734863,8.869999885559082,9.140000343322754,8.970000267028809,4564200,8.970000267028809
2020-06-25,9.140000343322754,8.890000343322754,9.010000228881836,9.130000114440918,2374200,9.130000114440918
2020-06-26,9.40999984741211,8.779999732971191,9.050000190734863,9.390000343322754,4873000,9.390000343322754
2020-06-29,9.4399995803833,9.1899995803833,9.399999618530273,9.420000076293945,3635100,9.420000076293945
2020-06-30,9.970000267028809,9.270000457763672,9.40999984741211,9.949999809265137,6344000,9.949999809265137
2020-07-01,10.029999732971191,9.489999771118164,9.949999809265137,9.779999732971191,4469000,9.779999732971191
2020-07-02,9.920000076293945,9.5,9.640000343322754,9.5,3767500,9.5
2020-07-06,9.890000343322754,9.380000114440918,9.6899995803833,9.5,4739100,9.5
2020-07-07,9.800000190734863,9.380000114440918,9.399999618530273,9.680000305175781,4092300,9.680000305175781
2020-07-08,10.529999732971191,9.989999771118164,10.0600004196167,10.420000076293945,7994700,10.420000076293945
2020-07-09,10.949999809265137,10.239999771118164,10.600000381469727,10.579999923706055,8661500,10.579999923706055
2020-07-10,10.680000305175781,10.300000190734863,10.619999885559082,10.40999984741211,4563100,10.40999984741211
2020-07-13,11.069999694824219,10.15999984741211,10.8100004196167,10.170000076293945,7243800,10.170000076293945
2020-07-14,10.5,9.989999771118164,10.149999618530273,10.449999809265137,4699600,10.449999809265137
2020-07-15,10.5600004196167,10.180000305175781,10.470000267028809,10.529999732971191,3847000,10.529999732971191
2020-07-16,10.65999984741211,10.25,10.4399995803833,10.350000381469727,4040900,10.350000381469727
2020-07-17,10.770000457763672,10.420000076293945,10.460000038146973,10.600000381469727,6194700,10.600000381469727
2020-07-20,11.760000228881836,10.880000114440918,10.9399995803833,11.630000114440918,11781500,11.630000114440918
2020-07-21,12.859999656677246,12.140000343322754,12.319999694824219,12.350000381469727,16360400,12.350000381469727
2020-07-22,14.079999923706055,12.710000038146973,12.90999984741211,14.050000190734863,21919500,14.050000190734863
2020-07-23,14.039999961853027,13.050000190734863,13.699999809265137,13.329999923706055,23008600,13.329999923706055
2020-07-24,13.649999618530273,13.130000114440918,13.449999809265137,13.279999732971191,10656000,13.279999732971191
2020-07-27,14.5,13.869999885559082,14.199999809265137,14.25,13607000,14.25
2020-07-28,14.279999732971191,13.619999885559082,13.630000114440918,13.859999656677246,9611300,13.859999656677246
2020-07-29,13.979999542236328,13.399999618530273,13.8100004196167,13.760000228881836,8280000,13.760000228881836
2020-07-30,13.489999771118164,12.84000015258789,13.09000015258789,12.970000267028809,7169300,12.970000267028809
2020-07-31,13.430000305175781,13.079999923706055,13.430000305175781,13.329999923706055,7285900,13.329999923706055
2020-08-03,13.380000114440918,12.779999732971191,13.380000114440918,13.0600004196167,5268300,13.0600004196167
2020-08-04,13.989999771118164,13.0600004196167,13.079999923706055,13.949999809265137,7975300,13.949999809265137
2020-08-05,14.569999694824219,13.5600004196167,14.520000457763672,13.8100004196167,9986700,13.8100004196167
2020-08-06,14.279999732971191,13.390000343322754,14.279999732971191,13.65999984741211,8789500,13.65999984741211
2020-08-07,13.5,12.720000267028809,13.039999961853027,12.970000267028809,9225800,12.970000267028809
2020-08-10,13.670000076293945,12.930000305175781,13.1899995803833,12.970000267028809,6494400,12.970000267028809
2020-08-11,12.329999923706055,11.319999694824219,12.0,11.420000076293945,13229500,11.420000076293945
2020-08-12,11.819999694824219,11.350000381469727,11.760000228881836,11.399999618530273,7279900,11.399999618530273
2020-08-13,12.119999885559082,11.510000228881836,11.609999656677246,11.869999885559082,10340900,11.869999885559082
2020-08-14,11.859999656677246,11.359999656677246,11.739999771118164,11.6899995803833,6239900,11.6899995803833
2020-08-17,12.239999771118164,11.880000114440918,12.180000305175781,12.15999984741211,6646700,12.15999984741211
2020-08-18,12.5600004196167,11.880000114440918,12.510000228881836,11.989999771118164,5119500,11.989999771118164
2020-08-19,11.989999771118164,11.460000038146973,11.800000190734863,11.479999542236328,5320600,11.479999542236328
2020-08-20,11.859999656677246,11.390000343322754,11.40999984741211,11.850000381469727,3980600,11.850000381469727
2020-08-21,11.75,11.449999809265137,11.5600004196167,11.550000190734863,3059300,11.550000190734863
2020-08-24,11.680000305175781,11.3100004196167,11.65999984741211,11.359999656677246,3275400,11.359999656677246
2020-08-25,11.420000076293945,10.90999984741211,11.319999694824219,11.329999923706055,4809300,11.329999923706055
2020-08-26,11.869999885559082,11.25,11.270000457763672,11.829999923706055,5607200,11.829999923706055
2020-08-27,12.149999618530273,11.329999923706055,12.039999961853027,11.600000381469727,5201400,11.600000381469727
2020-08-28,12.239999771118164,11.720000267028809,11.75,12.210000038146973,4435800,12.210000038146973
2020-08-31,12.609999656677246,12.199999809265137,12.369999885559082,12.449999809265137,4619900,12.449999809265137
2020-09-01,12.800000190734863,11.789999961853027,12.800000190734863,12.0600004196167,8278200,12.0600004196167
2020-09-02,11.899999618530273,11.069999694824219,11.859999656677246,11.550000190734863,10350800,11.550000190734863
2020-09-03,11.630000114440918,11.09000015258789,11.420000076293945,11.529999732971191,4949900,11.529999732971191
2020-09-04,11.59000015258789,10.90999984741211,11.489999771118164,11.5,5798300,11.5
2020-09-08,11.65999984741211,10.899999618530273,11.100000381469727,11.380000114440918,4566600,11.380000114440918
2020-09-09,11.869999885559082,11.489999771118164,11.539999961853027,11.850000381469727,3616000,11.850000381469727
2020-09-10,12.210000038146973,11.520000457763672,12.050000190734863,11.670000076293945,6286200,11.670000076293945
2020-09-11,12.270000457763672,11.550000190734863,11.829999923706055,11.649999618530273,6461900,11.649999618530273
2020-09-14,12.5600004196167,11.850000381469727,11.899999618530273,12.460000038146973,12225100,12.460000038146973
2020-09-15,12.630000114440918,12.020000457763672,12.579999923706055,12.3100004196167,6677400,12.3100004196167
2020-09-16,12.479999542236328,12.15999984741211,12.479999542236328,12.199999809265137,4867000,12.199999809265137
2020-09-17,12.1899995803833,11.670000076293945,11.859999656677246,12.15999984741211,4057800,12.15999984741211
2020-09-18,12.3100004196167,11.899999618530273,12.220000267028809,11.90999984741211,6201900,11.90999984741211
2020-09-21,11.6899995803833,10.680000305175781,11.470000267028809,10.6899995803833,10272100,10.6899995803833
2020-09-22,11.0600004196167,10.609999656677246,10.770000457763672,10.680000305175781,5653000,10.680000305175781
2020-09-23,10.489999771118164,9.649999618530273,10.479999542236328,9.739999771118164,10426200,9.739999771118164
2020-09-24,10.359999656677246,9.5,9.59000015258789,10.260000228881836,7828000,10.260000228881836
2020-09-25,10.069999694824219,9.460000038146973,10.050000190734863,9.520000457763672,11505100,9.520000457763672
2020-09-28,9.899999618530273,9.329999923706055,9.850000381469727,9.569999694824219,7677100,9.569999694824219
2020-09-29,9.789999961853027,9.489999771118164,9.630000114440918,9.550000190734863,7479600,9.550000190734863
2020-09-30,9.65999984741211,9.329999923706055,9.5,9.520000457763672,4643400,9.520000457763672
2020-10-01,9.890000343322754,9.539999961853027,9.600000381469727,9.760000228881836,4434100,9.760000228881836
2020-10-02,9.859999656677246,9.569999694824219,9.680000305175781,9.649999618530273,5049400,9.649999618530273
