Date,High,Low,Open,Close,Volume,Adj Close
2018-01-02,24.45800018310547,23.770000457763672,24.139999389648438,24.270000457763672,291600,24.270000457763672
2018-01-03,25.524999618530273,24.5,24.5,25.049999237060547,484200,25.049999237060547
2018-01-04,25.540000915527344,24.649999618530273,25.299999237060547,24.920000076293945,177900,24.920000076293945
2018-01-05,25.350000381469727,24.84000015258789,25.059999465942383,25.0,98700,25.0
2018-01-08,25.4950008392334,24.520000457763672,25.1200008392334,25.40999984741211,158200,25.40999984741211
2018-01-09,26.700000762939453,25.329999923706055,25.43000030517578,26.600000381469727,289900,26.600000381469727
2018-01-10,28.0,26.31999969482422,26.610000610351562,27.989999771118164,209900,27.989999771118164
2018-01-11,28.899999618530273,26.139999389648438,28.299999237060547,26.450000762939453,331700,26.450000762939453
2018-01-12,26.768999099731445,25.170000076293945,26.43000030517578,25.8799991607666,193600,25.8799991607666
2018-01-16,26.079999923706055,25.260000228881836,25.8700008392334,25.579999923706055,193200,25.579999923706055
2018-01-17,25.709999084472656,23.885000228881836,25.709999084472656,24.860000610351562,265500,24.860000610351562
2018-01-18,25.8700008392334,24.42099952697754,24.8799991607666,25.510000228881836,318300,25.510000228881836
2018-01-19,27.09000015258789,25.299999237060547,25.770000457763672,26.75,220700,26.75
2018-01-22,27.489999771118164,25.270000457763672,27.149999618530273,25.68000030517578,246600,25.68000030517578
2018-01-23,26.329999923706055,24.8700008392334,25.790000915527344,25.90999984741211,160400,25.90999984741211
2018-01-24,26.329999923706055,25.329999923706055,25.959999084472656,25.469999313354492,73500,25.469999313354492
2018-01-25,25.579999923706055,24.75,25.579999923706055,25.010000228881836,86000,25.010000228881836
2018-01-26,26.280000686645508,24.5,25.049999237060547,26.270000457763672,222000,26.270000457763672
2018-01-29,26.5,25.18000030517578,26.270000457763672,25.219999313354492,86900,25.219999313354492
2018-01-30,26.309999465942383,24.899999618530273,25.0,26.260000228881836,211400,26.260000228881836
2018-01-31,27.0,26.125,26.56999969482422,26.600000381469727,446400,26.600000381469727
2018-02-01,27.520000457763672,26.399999618530273,26.5,27.489999771118164,321900,27.489999771118164
2018-02-02,28.2549991607666,26.750999450683594,27.290000915527344,26.950000762939453,286200,26.950000762939453
2018-02-05,27.6200008392334,26.260000228881836,26.950000762939453,26.799999237060547,212100,26.799999237060547
2018-02-06,28.0,26.200000762939453,26.420000076293945,26.420000076293945,450300,26.420000076293945
2018-02-07,26.780000686645508,26.31999969482422,26.5,26.520000457763672,169600,26.520000457763672
2018-02-08,27.469999313354492,25.059999465942383,26.469999313354492,25.290000915527344,276400,25.290000915527344
2018-02-09,25.8700008392334,24.209999084472656,25.350000381469727,25.239999771118164,285000,25.239999771118164
2018-02-12,25.8799991607666,24.97100067138672,25.299999237060547,25.739999771118164,104600,25.739999771118164
2018-02-13,26.41699981689453,25.579999923706055,25.579999923706055,25.719999313354492,209200,25.719999313354492
2018-02-14,26.09000015258789,25.454999923706055,25.5,25.809999465942383,188100,25.809999465942383
2018-02-15,26.75,25.549999237060547,25.950000762939453,26.540000915527344,234500,26.540000915527344
2018-02-16,27.020000457763672,25.774999618530273,26.549999237060547,26.84000015258789,205900,26.84000015258789
2018-02-20,26.940000534057617,25.200000762939453,26.690000534057617,26.149999618530273,350400,26.149999618530273
2018-02-21,26.5,25.549999237060547,26.229999542236328,25.899999618530273,84700,25.899999618530273
2018-02-22,26.229999542236328,25.450000762939453,25.860000610351562,25.899999618530273,75000,25.899999618530273
2018-02-23,26.5,25.920000076293945,26.110000610351562,26.15999984741211,290500,26.15999984741211
2018-02-26,26.690000534057617,26.139999389648438,26.34000015258789,26.40999984741211,260900,26.40999984741211
2018-02-27,26.850000381469727,26.030000686645508,26.420000076293945,26.639999389648438,324500,26.639999389648438
2018-02-28,26.75,26.18000030517578,26.75,26.31999969482422,201800,26.31999969482422
2018-03-01,26.719999313354492,26.200000762939453,26.350000381469727,26.25,107400,26.25
2018-03-02,26.645000457763672,25.81999969482422,26.209999084472656,26.479999542236328,123100,26.479999542236328
2018-03-05,26.700000762939453,25.6299991607666,26.440000534057617,26.489999771118164,64100,26.489999771118164
2018-03-06,27.889999389648438,26.56999969482422,26.56999969482422,27.290000915527344,194200,27.290000915527344
2018-03-07,30.329999923706055,26.98699951171875,27.190000534057617,29.979999542236328,769300,29.979999542236328
2018-03-08,30.649999618530273,28.56999969482422,29.84000015258789,29.239999771118164,420000,29.239999771118164
2018-03-09,30.0,28.062000274658203,29.5,29.399999618530273,164400,29.399999618530273
2018-03-12,30.360000610351562,28.600000381469727,29.399999618530273,30.110000610351562,183800,30.110000610351562
2018-03-13,30.760000228881836,28.650999069213867,30.190000534057617,29.600000381469727,219500,29.600000381469727
2018-03-14,30.3700008392334,29.110000610351562,29.6200008392334,29.209999084472656,199900,29.209999084472656
2018-03-15,29.84000015258789,28.760000228881836,29.219999313354492,29.5,177700,29.5
2018-03-16,29.729999542236328,28.0,29.389999389648438,29.579999923706055,647400,29.579999923706055
2018-03-19,30.0,28.479999542236328,29.299999237060547,29.579999923706055,494300,29.579999923706055
2018-03-20,32.2400016784668,29.46500015258789,29.59000015258789,31.850000381469727,413000,31.850000381469727
2018-03-21,33.3849983215332,31.459999084472656,31.850000381469727,31.459999084472656,571100,31.459999084472656
2018-03-22,31.979999542236328,29.18000030517578,31.979999542236328,30.59000015258789,538800,30.59000015258789
2018-03-23,30.770000457763672,29.799999237060547,30.540000915527344,30.309999465942383,396900,30.309999465942383
2018-03-26,32.54999923706055,29.719999313354492,30.790000915527344,32.119998931884766,332000,32.119998931884766
2018-03-27,32.70000076293945,30.600000381469727,32.5,30.979999542236328,304100,30.979999542236328
2018-03-28,31.040000915527344,29.760000228881836,30.850000381469727,30.75,239600,30.75
2018-03-29,31.5,30.25,30.81999969482422,31.360000610351562,143200,31.360000610351562
2018-04-02,31.204999923706055,29.989999771118164,31.170000076293945,30.149999618530273,232800,30.149999618530273
2018-04-03,30.3799991607666,29.350000381469727,30.309999465942383,30.280000686645508,225800,30.280000686645508
2018-04-04,30.6299991607666,29.200000762939453,29.700000762939453,30.440000534057617,243300,30.440000534057617
2018-04-05,31.799999237060547,30.399999618530273,30.729999542236328,30.829999923706055,170100,30.829999923706055
2018-04-06,30.700000762939453,29.885000228881836,30.639999389648438,30.1299991607666,259500,30.1299991607666
2018-04-09,30.690000534057617,29.940000534057617,30.450000762939453,30.270000457763672,74100,30.270000457763672
2018-04-10,30.975000381469727,29.899999618530273,30.719999313354492,30.790000915527344,127000,30.790000915527344
2018-04-11,30.959999084472656,29.579999923706055,30.68000030517578,29.8700008392334,197600,29.8700008392334
2018-04-12,30.639999389648438,29.56999969482422,29.969999313354492,30.34000015258789,369900,30.34000015258789
2018-04-13,30.469999313354492,29.489999771118164,30.420000076293945,29.600000381469727,107500,29.600000381469727
2018-04-16,29.91699981689453,29.110000610351562,29.709999084472656,29.389999389648438,145800,29.389999389648438
2018-04-17,30.540000915527344,29.389999389648438,29.399999618530273,30.09000015258789,147900,30.09000015258789
2018-04-18,30.110000610351562,29.344999313354492,30.010000228881836,29.829999923706055,190200,29.829999923706055
2018-04-19,29.940000534057617,29.399999618530273,29.399999618530273,29.850000381469727,125600,29.850000381469727
2018-04-20,29.850000381469727,29.34000015258789,29.850000381469727,29.81999969482422,200300,29.81999969482422
2018-04-23,30.260000228881836,29.209999084472656,29.989999771118164,29.520000457763672,317700,29.520000457763672
2018-04-24,30.040000915527344,28.559999465942383,29.780000686645508,28.969999313354492,244500,28.969999313354492
2018-04-25,29.040000915527344,28.222000122070312,28.850000381469727,28.959999084472656,139500,28.959999084472656
2018-04-26,29.399999618530273,27.75,29.020000457763672,27.989999771118164,227400,27.989999771118164
2018-04-27,29.190000534057617,27.8799991607666,28.200000762939453,28.959999084472656,135900,28.959999084472656
2018-04-30,29.299999237060547,28.149999618530273,29.0,28.979999542236328,270500,28.979999542236328
2018-05-01,29.165000915527344,28.329999923706055,28.989999771118164,28.75,196800,28.75
2018-05-02,29.020000457763672,27.940000534057617,28.610000610351562,29.010000228881836,337200,29.010000228881836
2018-05-03,28.989999771118164,28.225000381469727,28.969999313354492,28.6200008392334,383200,28.6200008392334
2018-05-04,29.959999084472656,28.5,28.530000686645508,29.65999984741211,363500,29.65999984741211
2018-05-07,30.889999389648438,29.989999771118164,29.989999771118164,30.459999084472656,174400,30.459999084472656
2018-05-08,30.860000610351562,29.889999389648438,30.420000076293945,30.549999237060547,213700,30.549999237060547
2018-05-09,31.399999618530273,30.020000457763672,30.690000534057617,30.93000030517578,309100,30.93000030517578
2018-05-10,31.350000381469727,30.920000076293945,31.1200008392334,30.950000762939453,186400,30.950000762939453
2018-05-11,31.6299991607666,30.110000610351562,31.149999618530273,31.450000762939453,203800,31.450000762939453
2018-05-14,31.5,30.670000076293945,31.5,31.270000457763672,264200,31.270000457763672
2018-05-15,34.0099983215332,30.1299991607666,31.5,33.54999923706055,1378100,33.54999923706055
2018-05-16,35.349998474121094,33.11000061035156,33.709999084472656,35.15999984741211,909100,35.15999984741211
2018-05-17,36.7599983215332,34.74100112915039,35.08000183105469,36.154998779296875,584800,36.154998779296875
2018-05-18,37.189998626708984,35.81999969482422,35.97999954223633,35.84000015258789,351000,35.84000015258789
2018-05-21,36.150001525878906,35.369998931884766,36.04999923706055,35.56999969482422,214700,35.56999969482422
2018-05-22,35.7400016784668,35.0,35.7400016784668,35.31999969482422,275200,35.31999969482422
2018-05-23,35.5,34.77000045776367,35.25,35.16999816894531,146200,35.16999816894531
2018-05-24,35.22999954223633,34.849998474121094,35.209999084472656,34.970001220703125,199000,34.970001220703125
2018-05-25,35.47999954223633,34.68000030517578,34.68000030517578,35.310001373291016,173100,35.310001373291016
2018-05-29,35.3390007019043,34.89500045776367,35.150001525878906,35.0,110200,35.0
2018-05-30,36.2599983215332,35.130001068115234,35.16999816894531,35.15999984741211,149800,35.15999984741211
2018-05-31,35.810001373291016,35.15999984741211,35.33000183105469,35.189998626708984,167400,35.189998626708984
2018-06-01,36.0099983215332,34.959999084472656,35.400001525878906,35.779998779296875,254600,35.779998779296875
2018-06-04,36.88999938964844,35.86000061035156,35.86000061035156,36.66999816894531,276200,36.66999816894531
2018-06-05,36.60499954223633,35.2599983215332,36.0,36.060001373291016,520100,36.060001373291016
2018-06-06,36.720001220703125,35.82500076293945,36.459999084472656,36.290000915527344,365800,36.290000915527344
2018-06-07,35.9900016784668,34.349998474121094,35.47999954223633,35.65999984741211,3873800,35.65999984741211
2018-06-08,36.0,34.849998474121094,35.380001068115234,35.90999984741211,597000,35.90999984741211
2018-06-11,36.439998626708984,35.619998931884766,35.9900016784668,35.75,385800,35.75
2018-06-12,36.459999084472656,35.779998779296875,35.779998779296875,35.970001220703125,386700,35.970001220703125
2018-06-13,37.099998474121094,35.970001220703125,35.970001220703125,36.31999969482422,936300,36.31999969482422
2018-06-14,37.77000045776367,36.0099983215332,36.630001068115234,36.75,609800,36.75
2018-06-15,37.57400131225586,36.167999267578125,36.88999938964844,36.369998931884766,547200,36.369998931884766
2018-06-18,37.2239990234375,35.779998779296875,36.380001068115234,36.16999816894531,513700,36.16999816894531
2018-06-19,35.880001068115234,33.22999954223633,35.880001068115234,34.9900016784668,653100,34.9900016784668
2018-06-20,35.70500183105469,34.630001068115234,35.13999938964844,35.459999084472656,422100,35.459999084472656
2018-06-21,36.61000061035156,35.06999969482422,35.56999969482422,35.279998779296875,515100,35.279998779296875
2018-06-22,35.43000030517578,33.54999923706055,35.43000030517578,34.72999954223633,3320100,34.72999954223633
2018-06-25,34.310001373291016,33.04999923706055,34.29999923706055,33.88999938964844,580300,33.88999938964844
2018-06-26,34.7599983215332,33.92499923706055,34.06999969482422,34.18000030517578,429400,34.18000030517578
2018-06-27,34.59000015258789,33.880001068115234,34.08000183105469,33.95000076293945,623900,33.95000076293945
2018-06-28,34.16999816894531,33.04999923706055,33.77000045776367,33.70000076293945,266300,33.70000076293945
2018-06-29,34.40999984741211,33.55500030517578,33.810001373291016,34.18000030517578,291900,34.18000030517578
2018-07-02,34.63999938964844,33.83000183105469,33.84000015258789,34.52000045776367,123000,34.52000045776367
2018-07-03,34.810001373291016,33.38999938964844,34.540000915527344,33.79999923706055,182700,33.79999923706055
2018-07-05,34.25,33.5099983215332,33.95000076293945,34.040000915527344,229000,34.040000915527344
2018-07-06,34.720001220703125,33.810001373291016,34.0,34.59000015258789,242700,34.59000015258789
2018-07-09,35.02000045776367,34.279998779296875,34.75,34.77000045776367,209800,34.77000045776367
2018-07-10,34.959999084472656,34.22999954223633,34.86000061035156,34.47999954223633,135600,34.47999954223633
2018-07-11,34.790000915527344,33.790000915527344,34.310001373291016,34.09000015258789,158800,34.09000015258789
2018-07-12,34.790000915527344,34.150001525878906,34.31999969482422,34.72999954223633,219900,34.72999954223633
2018-07-13,34.970001220703125,34.29999923706055,34.720001220703125,34.630001068115234,159700,34.630001068115234
2018-07-16,34.9900016784668,34.06999969482422,34.68000030517578,34.5099983215332,215400,34.5099983215332
2018-07-17,34.88999938964844,33.29999923706055,34.33000183105469,34.619998931884766,242900,34.619998931884766
2018-07-18,36.027000427246094,34.61000061035156,34.61000061035156,35.470001220703125,353600,35.470001220703125
2018-07-19,35.880001068115234,34.880001068115234,35.40999984741211,35.08000183105469,234600,35.08000183105469
2018-07-20,35.33399963378906,33.81999969482422,35.220001220703125,34.77000045776367,330000,34.77000045776367
2018-07-23,35.209999084472656,34.310001373291016,34.650001525878906,34.75,127300,34.75
2018-07-24,35.810001373291016,34.130001068115234,34.91999816894531,35.79999923706055,1434400,35.79999923706055
2018-07-25,37.209999084472656,35.77000045776367,35.810001373291016,36.45000076293945,308400,36.45000076293945
2018-07-26,37.099998474121094,36.097999572753906,36.5,36.56999969482422,179600,36.56999969482422
2018-07-27,36.4900016784668,35.43000030517578,36.4900016784668,35.599998474121094,132800,35.599998474121094
2018-07-30,35.61000061035156,34.222999572753906,35.61000061035156,34.880001068115234,352400,34.880001068115234
2018-07-31,35.54999923706055,34.560001373291016,35.09000015258789,35.099998474121094,124800,35.099998474121094
2018-08-01,35.97999954223633,34.689998626708984,35.18000030517578,34.880001068115234,282800,34.880001068115234
2018-08-02,35.7400016784668,34.65999984741211,34.65999984741211,35.4900016784668,202200,35.4900016784668
2018-08-03,36.349998474121094,34.880001068115234,35.540000915527344,35.29999923706055,177400,35.29999923706055
2018-08-06,36.2400016784668,35.099998474121094,35.25,35.93000030517578,311000,35.93000030517578
2018-08-07,36.470001220703125,34.834999084472656,35.939998626708984,34.95000076293945,384300,34.95000076293945
2018-08-08,35.939998626708984,34.731998443603516,35.939998626708984,35.2599983215332,182300,35.2599983215332
2018-08-09,37.099998474121094,34.72999954223633,35.38999938964844,36.540000915527344,720800,36.540000915527344
2018-08-10,39.196998596191406,36.5,37.5,38.040000915527344,1037600,38.040000915527344
2018-08-13,41.810001373291016,38.61000061035156,38.61000061035156,39.43000030517578,763600,39.43000030517578
2018-08-14,40.25,38.810001373291016,40.25,39.65999984741211,404800,39.65999984741211
2018-08-15,39.79999923706055,39.0099983215332,39.61000061035156,39.2599983215332,261800,39.2599983215332
2018-08-16,40.25,39.11000061035156,39.369998931884766,39.81999969482422,403500,39.81999969482422
2018-08-17,40.25,39.029998779296875,39.77000045776367,40.20000076293945,336400,40.20000076293945
2018-08-20,40.83000183105469,39.86000061035156,40.25,40.22999954223633,367200,40.22999954223633
2018-08-21,40.369998931884766,39.685001373291016,40.22999954223633,40.13999938964844,592200,40.13999938964844
2018-08-22,40.75,39.959999084472656,40.099998474121094,40.029998779296875,200600,40.029998779296875
2018-08-23,40.439998626708984,39.84000015258789,40.04999923706055,39.900001525878906,247300,39.900001525878906
2018-08-24,40.689998626708984,39.86000061035156,40.220001220703125,40.5099983215332,318900,40.5099983215332
2018-08-27,41.689998626708984,40.5,40.75,40.97999954223633,322200,40.97999954223633
2018-08-28,41.279998779296875,40.07500076293945,41.099998474121094,40.63999938964844,242900,40.63999938964844
2018-08-29,41.409000396728516,40.77000045776367,40.77000045776367,41.36000061035156,148400,41.36000061035156
2018-08-30,41.5,40.599998474121094,41.15999984741211,40.869998931884766,200400,40.869998931884766
2018-08-31,41.861000061035156,40.689998626708984,40.81999969482422,41.77000045776367,380800,41.77000045776367
2018-09-04,43.060001373291016,41.8390007019043,41.91999816894531,42.349998474121094,281700,42.349998474121094
2018-09-05,42.39500045776367,39.81999969482422,42.36000061035156,40.93000030517578,352700,40.93000030517578
2018-09-06,41.099998474121094,39.900001525878906,40.86000061035156,40.880001068115234,303500,40.880001068115234
2018-09-07,41.61000061035156,40.310001373291016,40.52000045776367,40.439998626708984,250800,40.439998626708984
2018-09-10,41.494998931884766,40.0,40.70000076293945,40.959999084472656,237100,40.959999084472656
2018-09-11,41.380001068115234,40.84000015258789,40.900001525878906,41.040000915527344,157500,41.040000915527344
2018-09-12,41.209999084472656,39.65999984741211,40.959999084472656,40.400001525878906,380800,40.400001525878906
2018-09-13,41.08000183105469,39.79999923706055,40.63999938964844,39.97999954223633,278000,39.97999954223633
2018-09-14,40.4900016784668,39.446998596191406,39.97999954223633,39.97999954223633,263500,39.97999954223633
2018-09-17,40.470001220703125,38.369998931884766,39.630001068115234,38.630001068115234,415000,38.630001068115234
2018-09-18,40.38999938964844,38.86000061035156,38.86000061035156,39.83000183105469,503800,39.83000183105469
2018-09-19,39.90999984741211,38.24100112915039,39.79999923706055,39.5,326000,39.5
2018-09-20,40.41999816894531,39.599998474121094,39.83000183105469,39.959999084472656,415600,39.959999084472656
2018-09-21,41.02000045776367,39.88999938964844,39.91999816894531,40.900001525878906,1063300,40.900001525878906
2018-09-24,41.45000076293945,40.48400115966797,40.61000061035156,41.279998779296875,314200,41.279998779296875
2018-09-25,42.400001525878906,41.36000061035156,41.36000061035156,41.95000076293945,295200,41.95000076293945
2018-09-26,42.470001220703125,41.810001373291016,42.150001525878906,41.970001220703125,215800,41.970001220703125
2018-09-27,43.65999984741211,42.11199951171875,42.279998779296875,42.209999084472656,289000,42.209999084472656
2018-09-28,43.540000915527344,42.04999923706055,42.209999084472656,43.45000076293945,289300,43.45000076293945
2018-10-01,43.9900016784668,42.599998474121094,43.599998474121094,42.75,338600,42.75
2018-10-02,43.34000015258789,41.619998931884766,42.75,41.959999084472656,170200,41.959999084472656
2018-10-03,42.16999816894531,41.470001220703125,42.02000045776367,42.040000915527344,314100,42.040000915527344
2018-10-04,41.810001373291016,41.0,41.810001373291016,41.61000061035156,168100,41.61000061035156
2018-10-05,42.0369987487793,41.02000045776367,41.52000045776367,41.689998626708984,317500,41.689998626708984
2018-10-08,41.70000076293945,40.255001068115234,41.70000076293945,40.880001068115234,327300,40.880001068115234
2018-10-09,41.45000076293945,39.68000030517578,40.68000030517578,39.90999984741211,293500,39.90999984741211
2018-10-10,40.0,35.630001068115234,39.88999938964844,35.70000076293945,530100,35.70000076293945
2018-10-11,37.290000915527344,33.880001068115234,35.4900016784668,33.93000030517578,501700,33.93000030517578
2018-10-12,35.0,34.290000915527344,34.290000915527344,34.939998626708984,461800,34.939998626708984
2018-10-15,34.939998626708984,33.900001525878906,34.900001525878906,34.119998931884766,255900,34.119998931884766
2018-10-16,35.70000076293945,33.9900016784668,34.66999816894531,35.22999954223633,329500,35.22999954223633
2018-10-17,36.09000015258789,34.790000915527344,35.599998474121094,36.0,161300,36.0
2018-10-18,36.45000076293945,35.29999923706055,35.97999954223633,36.43000030517578,385400,36.43000030517578
2018-10-19,36.72999954223633,35.4900016784668,36.33000183105469,35.86000061035156,682400,35.86000061035156
2018-10-22,37.400001525878906,35.720001220703125,35.849998474121094,36.790000915527344,244000,36.790000915527344
2018-10-23,36.970001220703125,35.459999084472656,36.060001373291016,36.79999923706055,310100,36.79999923706055
2018-10-24,37.400001525878906,35.209999084472656,36.72999954223633,35.2599983215332,347800,35.2599983215332
2018-10-25,37.15999984741211,35.31999969482422,35.31999969482422,37.060001373291016,444900,37.060001373291016
2018-10-26,37.45000076293945,35.354000091552734,36.310001373291016,36.83000183105469,450500,36.83000183105469
2018-10-29,38.22999954223633,36.220001220703125,37.529998779296875,36.650001525878906,343700,36.650001525878906
2018-10-30,37.43000030517578,36.11399841308594,36.5099983215332,36.970001220703125,274200,36.970001220703125
2018-10-31,38.54999923706055,37.37799835205078,37.58000183105469,38.13999938964844,200800,38.13999938964844
2018-11-01,39.06999969482422,37.599998474121094,38.400001525878906,37.68000030517578,230000,37.68000030517578
2018-11-02,38.584999084472656,37.29999923706055,37.88999938964844,37.900001525878906,227000,37.900001525878906
2018-11-05,37.900001525878906,30.15999984741211,37.900001525878906,30.700000762939453,2070300,30.700000762939453
2018-11-06,32.47999954223633,30.5,30.530000686645508,31.920000076293945,664400,31.920000076293945
2018-11-07,34.56999969482422,32.290000915527344,32.290000915527344,33.61000061035156,238800,33.61000061035156
2018-11-08,33.689998626708984,32.630001068115234,33.349998474121094,33.619998931884766,573200,33.619998931884766
2018-11-09,34.85100173950195,31.020000457763672,34.25,32.119998931884766,533200,32.119998931884766
2018-11-12,32.970001220703125,31.920000076293945,32.150001525878906,32.29999923706055,224900,32.29999923706055
2018-11-13,33.59000015258789,32.439998626708984,32.439998626708984,32.630001068115234,261300,32.630001068115234
2018-11-14,33.560001373291016,31.90999984741211,32.79999923706055,32.18000030517578,153300,32.18000030517578
2018-11-15,33.54999923706055,32.209999084472656,32.2400016784668,33.369998931884766,288800,33.369998931884766
2018-11-16,33.54999923706055,32.5,32.959999084472656,33.16999816894531,239100,33.16999816894531
2018-11-19,33.0099983215332,29.84000015258789,32.810001373291016,29.850000381469727,269900,29.850000381469727
2018-11-20,30.329999923706055,28.48200035095215,28.75,29.1299991607666,268900,29.1299991607666
2018-11-21,30.209999084472656,29.097999572753906,29.649999618530273,29.43000030517578,181100,29.43000030517578
2018-11-23,30.059999465942383,28.940000534057617,28.940000534057617,29.5,67700,29.5
2018-11-26,30.1299991607666,28.739999771118164,29.75,29.479999542236328,265800,29.479999542236328
2018-11-27,29.84000015258789,28.59000015258789,29.06999969482422,29.469999313354492,158700,29.469999313354492
2018-11-28,31.030000686645508,29.17799949645996,29.239999771118164,30.989999771118164,210400,30.989999771118164
2018-11-29,31.78499984741211,30.239999771118164,30.93000030517578,31.31999969482422,206700,31.31999969482422
2018-11-30,32.439998626708984,31.299999237060547,31.56999969482422,32.310001373291016,370600,32.310001373291016
2018-12-03,33.90999984741211,32.584999084472656,32.93000030517578,32.9900016784668,439600,32.9900016784668
2018-12-04,33.099998474121094,30.280000686645508,32.779998779296875,30.389999389648438,582900,30.389999389648438
2018-12-06,31.079999923706055,29.100000381469727,29.81999969482422,30.59000015258789,317800,30.59000015258789
2018-12-07,31.059999465942383,29.030000686645508,30.579999923706055,29.260000228881836,219200,29.260000228881836
2018-12-10,30.011999130249023,29.09000015258789,29.229999542236328,29.600000381469727,209400,29.600000381469727
2018-12-11,30.3700008392334,28.760000228881836,30.06999969482422,28.84000015258789,184400,28.84000015258789
2018-12-12,30.34000015258789,28.959999084472656,29.440000534057617,29.530000686645508,320300,29.530000686645508
2018-12-13,30.010000228881836,29.020000457763672,29.760000228881836,29.09000015258789,110400,29.09000015258789
2018-12-14,28.84000015258789,27.350000381469727,28.549999237060547,27.399999618530273,298900,27.399999618530273
2018-12-17,28.049999237060547,26.441999435424805,27.190000534057617,27.290000915527344,236200,27.290000915527344
2018-12-18,28.149999618530273,27.1299991607666,27.729999542236328,27.170000076293945,224800,27.170000076293945
2018-12-19,28.969999313354492,27.170000076293945,27.200000762939453,27.6200008392334,365400,27.6200008392334
2018-12-20,28.329999923706055,26.229999542236328,27.610000610351562,27.31999969482422,207900,27.31999969482422
2018-12-21,27.420000076293945,25.59000015258789,27.420000076293945,25.729999542236328,754300,25.729999542236328
2018-12-24,26.280000686645508,25.280000686645508,25.329999923706055,25.5,115500,25.5
2018-12-26,27.079999923706055,25.43000030517578,25.610000610351562,27.059999465942383,138300,27.059999465942383
2018-12-27,27.329999923706055,26.190000534057617,26.700000762939453,27.18000030517578,201100,27.18000030517578
2018-12-28,27.530000686645508,26.43000030517578,27.479999542236328,26.739999771118164,168900,26.739999771118164
2018-12-31,27.8700008392334,26.75,27.030000686645508,27.579999923706055,145500,27.579999923706055
2019-01-02,27.549999237060547,26.489999771118164,27.010000228881836,26.760000228881836,232400,26.760000228881836
2019-01-03,27.100000381469727,25.540000915527344,26.43000030517578,25.6299991607666,185400,25.6299991607666
2019-01-04,27.170000076293945,25.739999771118164,26.190000534057617,27.110000610351562,358900,27.110000610351562
2019-01-07,28.0,26.8700008392334,27.010000228881836,27.84000015258789,176800,27.84000015258789
2019-01-08,29.030000686645508,27.649999618530273,27.850000381469727,28.989999771118164,232100,28.989999771118164
2019-01-09,29.260000228881836,28.3700008392334,29.059999465942383,29.079999923706055,118600,29.079999923706055
2019-01-10,29.235000610351562,28.579999923706055,28.860000610351562,28.950000762939453,129600,28.950000762939453
2019-01-11,29.260000228881836,28.5,28.809999465942383,29.229999542236328,109500,29.229999542236328
2019-01-14,29.1299991607666,28.510000228881836,28.959999084472656,29.010000228881836,150300,29.010000228881836
2019-01-15,29.780000686645508,28.81999969482422,29.020000457763672,29.709999084472656,154500,29.709999084472656
2019-01-16,30.299999237060547,29.690000534057617,29.889999389648438,30.25,202600,30.25
2019-01-17,31.280000686645508,30.190000534057617,30.31999969482422,31.100000381469727,194700,31.100000381469727
2019-01-18,31.56999969482422,30.889999389648438,31.229999542236328,30.93000030517578,236000,30.93000030517578
2019-01-22,31.56999969482422,30.639999389648438,30.739999771118164,31.520000457763672,258200,31.520000457763672
2019-01-23,31.979999542236328,30.84000015258789,31.84000015258789,31.450000762939453,149300,31.450000762939453
2019-01-24,31.774999618530273,30.69499969482422,31.479999542236328,30.84000015258789,207900,30.84000015258789
2019-01-25,31.520000457763672,30.950000762939453,31.18000030517578,31.25,158200,31.25
2019-01-28,31.100000381469727,30.280000686645508,30.940000534057617,30.84000015258789,139100,30.84000015258789
2019-01-29,31.239999771118164,30.500999450683594,30.850000381469727,30.709999084472656,248900,30.709999084472656
2019-01-30,32.54999923706055,30.610000610351562,31.040000915527344,32.33000183105469,226000,32.33000183105469
2019-01-31,32.7599983215332,32.0099983215332,32.0099983215332,32.380001068115234,253800,32.380001068115234
2019-02-01,32.9900016784668,32.23500061035156,32.279998779296875,32.810001373291016,201900,32.810001373291016
2019-02-04,33.619998931884766,32.560001373291016,32.599998474121094,33.400001525878906,243000,33.400001525878906
2019-02-05,33.97999954223633,33.244998931884766,33.5099983215332,33.77000045776367,137200,33.77000045776367
2019-02-06,33.900001525878906,33.5,33.720001220703125,33.75,156100,33.75
2019-02-07,33.66999816894531,33.09000015258789,33.43000030517578,33.25,94100,33.25
2019-02-08,33.709999084472656,33.06999969482422,33.06999969482422,33.709999084472656,45100,33.709999084472656
2019-02-11,34.02000045776367,33.380001068115234,33.970001220703125,33.54999923706055,146300,33.54999923706055
2019-02-12,34.2400016784668,33.54999923706055,33.7400016784668,33.9900016784668,188700,33.9900016784668
2019-02-13,34.439998626708984,33.65999984741211,34.209999084472656,33.939998626708984,166300,33.939998626708984
2019-02-14,34.5,33.79999923706055,33.79999923706055,34.15999984741211,149300,34.15999984741211
2019-02-15,34.900001525878906,33.95500183105469,34.29999923706055,34.63999938964844,122400,34.63999938964844
2019-02-19,34.58000183105469,34.060001373291016,34.459999084472656,34.279998779296875,181900,34.279998779296875
2019-02-20,34.71900177001953,34.029998779296875,34.38999938964844,34.130001068115234,143900,34.130001068115234
2019-02-21,34.119998931884766,33.31999969482422,34.119998931884766,33.54999923706055,102000,33.54999923706055
2019-02-22,33.91999816894531,32.66999816894531,33.02000045776367,33.08000183105469,442200,33.08000183105469
2019-02-25,34.060001373291016,32.7599983215332,33.36000061035156,32.790000915527344,430500,32.790000915527344
2019-02-26,35.25,32.79999923706055,32.79999923706055,35.25,752800,35.25
2019-02-27,35.25,34.14500045776367,35.02000045776367,34.689998626708984,97100,34.689998626708984
2019-02-28,36.150001525878906,34.04999923706055,34.7400016784668,35.459999084472656,549600,35.459999084472656
2019-03-01,37.439998626708984,35.43000030517578,35.43000030517578,36.47999954223633,358600,36.47999954223633
2019-03-04,37.119998931884766,35.72999954223633,36.83000183105469,36.130001068115234,419500,36.130001068115234
2019-03-05,35.9900016784668,35.2599983215332,35.779998779296875,35.61000061035156,390900,35.61000061035156
2019-03-06,35.755001068115234,35.17499923706055,35.41999816894531,35.5,189200,35.5
2019-03-07,36.2599983215332,35.40999984741211,35.40999984741211,36.099998474121094,219400,36.099998474121094
2019-03-08,36.209999084472656,35.630001068115234,35.63999938964844,36.0,176400,36.0
2019-03-11,37.9900016784668,36.33000183105469,36.33000183105469,37.79999923706055,266600,37.79999923706055
2019-03-12,38.630001068115234,37.20000076293945,37.810001373291016,38.529998779296875,242100,38.529998779296875
2019-03-13,39.20000076293945,38.43000030517578,38.75,38.560001373291016,256000,38.560001373291016
2019-03-14,38.7400016784668,38.2400016784668,38.7400016784668,38.27000045776367,118400,38.27000045776367
2019-03-15,39.56999969482422,38.099998474121094,38.22999954223633,39.02000045776367,472900,39.02000045776367
2019-03-18,39.4900016784668,38.0099983215332,39.029998779296875,38.2599983215332,161300,38.2599983215332
2019-03-19,38.84000015258789,37.630001068115234,38.5099983215332,37.70000076293945,236300,37.70000076293945
2019-03-20,37.91400146484375,36.81999969482422,37.45000076293945,37.369998931884766,134900,37.369998931884766
2019-03-21,38.28499984741211,37.02000045776367,37.130001068115234,38.11000061035156,248200,38.11000061035156
2019-03-22,37.91999816894531,36.11000061035156,37.91999816894531,36.189998626708984,146500,36.189998626708984
2019-03-25,36.59000015258789,34.814998626708984,36.06999969482422,36.560001373291016,225900,36.560001373291016
2019-03-26,37.67100143432617,36.75,37.0,37.349998474121094,227900,37.349998474121094
2019-03-27,37.560001373291016,36.334999084472656,37.33000183105469,37.209999084472656,130500,37.209999084472656
2019-03-28,37.5099983215332,36.810001373291016,37.220001220703125,37.459999084472656,273400,37.459999084472656
2019-03-29,37.58000183105469,36.7599983215332,37.58000183105469,36.810001373291016,192100,36.810001373291016
2019-04-01,38.099998474121094,36.58000183105469,37.47999954223633,38.029998779296875,322400,38.029998779296875
2019-04-02,39.5099983215332,37.68000030517578,38.02000045776367,39.470001220703125,472700,39.470001220703125
2019-04-03,39.95000076293945,38.720001220703125,39.72999954223633,38.880001068115234,140700,38.880001068115234
2019-04-04,38.810001373291016,37.45000076293945,38.810001373291016,37.79999923706055,125500,37.79999923706055
2019-04-05,38.34000015258789,37.459999084472656,37.84000015258789,37.560001373291016,180900,37.560001373291016
2019-04-08,37.8650016784668,36.11000061035156,37.2400016784668,37.06999969482422,128600,37.06999969482422
2019-04-09,37.09000015258789,36.560001373291016,36.77000045776367,36.58000183105469,118700,36.58000183105469
2019-04-10,37.25,36.439998626708984,36.47999954223633,36.77000045776367,125800,36.77000045776367
2019-04-11,36.91999816894531,36.52000045776367,36.779998779296875,36.599998474121094,107700,36.599998474121094
2019-04-12,36.70000076293945,36.290000915527344,36.70000076293945,36.5099983215332,101500,36.5099983215332
2019-04-15,36.599998474121094,35.97999954223633,36.4900016784668,36.36000061035156,136200,36.36000061035156
2019-04-16,37.31999969482422,36.040000915527344,36.43000030517578,36.970001220703125,197200,36.970001220703125
2019-04-17,37.27000045776367,36.150001525878906,37.13999938964844,36.709999084472656,100400,36.709999084472656
2019-04-18,37.25299835205078,36.470001220703125,36.470001220703125,36.790000915527344,172800,36.790000915527344
2019-04-22,38.099998474121094,36.66999816894531,36.66999816894531,38.029998779296875,112100,38.029998779296875
2019-04-23,39.150001525878906,38.22999954223633,38.22999954223633,38.810001373291016,217900,38.810001373291016
2019-04-24,39.439998626708984,38.689998626708984,38.72999954223633,38.9900016784668,199900,38.9900016784668
2019-04-25,39.19499969482422,37.93000030517578,39.02000045776367,38.150001525878906,105300,38.150001525878906
2019-04-26,38.73500061035156,37.95000076293945,37.95000076293945,38.41999816894531,167300,38.41999816894531
2019-04-29,39.28499984741211,38.224998474121094,38.40999984741211,38.9900016784668,175200,38.9900016784668
2019-04-30,39.540000915527344,38.47999954223633,38.90999984741211,39.439998626708984,162700,39.439998626708984
2019-05-01,39.45000076293945,37.689998626708984,39.45000076293945,37.709999084472656,143900,37.709999084472656
2019-05-02,37.52000045776367,36.44499969482422,37.40999984741211,36.93000030517578,115300,36.93000030517578
2019-05-03,37.525001525878906,36.630001068115234,36.970001220703125,37.290000915527344,231100,37.290000915527344
2019-05-06,37.63999938964844,36.119998931884766,36.27000045776367,37.59000015258789,124100,37.59000015258789
2019-05-07,37.720001220703125,36.619998931884766,37.06999969482422,37.11000061035156,121400,37.11000061035156
2019-05-08,37.709999084472656,36.89500045776367,36.900001525878906,37.529998779296875,111300,37.529998779296875
2019-05-09,37.52000045776367,36.22999954223633,36.88999938964844,37.16999816894531,172600,37.16999816894531
2019-05-10,37.255001068115234,35.18000030517578,36.33000183105469,35.9900016784668,575000,35.9900016784668
2019-05-13,35.20000076293945,33.63999938964844,35.119998931884766,34.04999923706055,221900,34.04999923706055
2019-05-14,34.689998626708984,33.720001220703125,34.060001373291016,34.36000061035156,317000,34.36000061035156
2019-05-15,35.9900016784668,34.099998474121094,34.099998474121094,35.95000076293945,183900,35.95000076293945
2019-05-16,36.95000076293945,35.54999923706055,35.880001068115234,36.40999984741211,284500,36.40999984741211
2019-05-17,36.869998931884766,35.88999938964844,36.029998779296875,36.0,202100,36.0
2019-05-20,35.90999984741211,35.060001373291016,35.56999969482422,35.54999923706055,179500,35.54999923706055
2019-05-21,36.939998626708984,35.810001373291016,35.869998931884766,36.7599983215332,388700,36.7599983215332
2019-05-22,37.72999954223633,36.45000076293945,36.650001525878906,37.29999923706055,278000,37.29999923706055
2019-05-23,37.349998474121094,36.279998779296875,36.86000061035156,37.0099983215332,369800,37.0099983215332
2019-05-24,38.09000015258789,37.02000045776367,37.02000045776367,37.31999969482422,337300,37.31999969482422
2019-05-28,38.29999923706055,37.189998626708984,37.189998626708984,38.060001373291016,666600,38.060001373291016
2019-05-29,38.310001373291016,37.369998931884766,37.68000030517578,37.779998779296875,320500,37.779998779296875
2019-05-30,38.470001220703125,37.880001068115234,38.06999969482422,38.400001525878906,184100,38.400001525878906
2019-05-31,38.95000076293945,37.70000076293945,37.70000076293945,38.11000061035156,230100,38.11000061035156
2019-06-03,38.060001373291016,36.38999938964844,37.869998931884766,36.81999969482422,779700,36.81999969482422
2019-06-04,38.15999984741211,36.81999969482422,37.4900016784668,38.13999938964844,191900,38.13999938964844
2019-06-05,37.26499938964844,33.70000076293945,35.77000045776367,35.77000045776367,1863800,35.77000045776367
2019-06-06,35.7599983215332,34.7400016784668,35.720001220703125,34.79999923706055,1775400,34.79999923706055
2019-06-07,35.38999938964844,34.33000183105469,35.0,35.29999923706055,1125500,35.29999923706055
2019-06-10,35.790000915527344,33.939998626708984,35.43000030517578,35.08000183105469,469400,35.08000183105469
2019-06-11,35.63999938964844,34.88999938964844,35.09000015258789,35.540000915527344,737000,35.540000915527344
2019-06-12,36.06999969482422,35.220001220703125,35.58000183105469,35.5,201100,35.5
2019-06-13,35.869998931884766,35.34000015258789,35.66999816894531,35.75,677600,35.75
2019-06-14,37.04999923706055,35.4900016784668,35.4900016784668,36.970001220703125,563000,36.970001220703125
2019-06-17,37.95000076293945,37.060001373291016,37.189998626708984,37.52000045776367,361100,37.52000045776367
2019-06-18,38.61000061035156,37.5,37.70000076293945,37.79999923706055,464400,37.79999923706055
2019-06-19,39.27000045776367,37.64500045776367,37.88999938964844,39.25,401000,39.25
2019-06-20,40.0,39.189998626708984,39.380001068115234,39.939998626708984,766300,39.939998626708984
2019-06-21,40.25,38.58000183105469,39.93000030517578,40.099998474121094,1162900,40.099998474121094
2019-06-24,40.04999923706055,38.79999923706055,40.04999923706055,38.959999084472656,321700,38.959999084472656
2019-06-25,39.15999984741211,38.52000045776367,39.130001068115234,38.779998779296875,288800,38.779998779296875
2019-06-26,39.939998626708984,38.560001373291016,38.959999084472656,39.439998626708984,369700,39.439998626708984
2019-06-27,40.66999816894531,39.58000183105469,39.709999084472656,40.20000076293945,569100,40.20000076293945
2019-06-28,40.959999084472656,39.625,40.20000076293945,40.38999938964844,2511300,40.38999938964844
2019-07-01,41.3849983215332,40.369998931884766,40.91999816894531,40.93000030517578,523200,40.93000030517578
2019-07-02,41.13999938964844,40.060001373291016,41.0,40.439998626708984,718000,40.439998626708984
2019-07-03,42.0,40.606998443603516,40.720001220703125,41.619998931884766,223400,41.619998931884766
2019-07-05,41.73500061035156,40.970001220703125,41.16999816894531,41.56999969482422,188600,41.56999969482422
2019-07-08,41.79999923706055,41.16999816894531,41.470001220703125,41.59000015258789,419800,41.59000015258789
2019-07-09,42.5,41.2599983215332,41.2599983215332,42.310001373291016,511400,42.310001373291016
2019-07-10,42.91999816894531,41.900001525878906,42.45000076293945,42.0,876300,42.0
2019-07-11,42.689998626708984,41.880001068115234,41.959999084472656,42.0,372600,42.0
2019-07-12,42.16999816894531,41.02000045776367,42.16999816894531,41.18000030517578,289800,41.18000030517578
2019-07-15,41.81999969482422,40.75,41.13999938964844,41.61000061035156,147400,41.61000061035156
2019-07-16,42.03499984741211,41.22999954223633,41.75,41.86000061035156,222100,41.86000061035156
2019-07-17,42.051998138427734,41.51499938964844,41.880001068115234,41.59000015258789,195500,41.59000015258789
2019-07-18,42.119998931884766,41.189998626708984,41.54999923706055,42.08000183105469,261200,42.08000183105469
2019-07-19,42.58000183105469,41.345001220703125,42.08000183105469,41.400001525878906,249400,41.400001525878906
2019-07-22,42.79999923706055,41.5,41.66999816894531,42.380001068115234,306600,42.380001068115234
2019-07-23,42.540000915527344,41.25,42.540000915527344,42.189998626708984,168400,42.189998626708984
2019-07-24,42.779998779296875,41.845001220703125,42.0,42.599998474121094,339400,42.599998474121094
2019-07-25,42.900001525878906,41.71799850463867,42.310001373291016,42.529998779296875,213800,42.529998779296875
2019-07-26,43.279998779296875,42.70000076293945,42.779998779296875,42.869998931884766,279300,42.869998931884766
2019-07-29,43.02000045776367,41.779998779296875,43.0,42.72999954223633,192800,42.72999954223633
2019-07-30,42.79999923706055,42.13999938964844,42.29999923706055,42.619998931884766,221300,42.619998931884766
2019-07-31,42.90800094604492,41.43000030517578,42.84000015258789,41.61000061035156,324200,41.61000061035156
2019-08-01,42.5,41.18000030517578,41.779998779296875,41.34000015258789,197800,41.34000015258789
2019-08-02,41.02000045776367,39.939998626708984,41.02000045776367,40.63999938964844,519800,40.63999938964844
2019-08-05,39.97999954223633,39.150001525878906,39.5099983215332,39.689998626708984,417400,39.689998626708984
2019-08-06,40.90999984741211,39.869998931884766,39.95000076293945,40.38999938964844,514100,40.38999938964844
2019-08-07,41.369998931884766,39.28499984741211,39.959999084472656,40.95000076293945,258700,40.95000076293945
2019-08-08,42.11000061035156,41.064998626708984,41.43000030517578,41.9900016784668,315100,41.9900016784668
2019-08-09,39.709999084472656,34.400001525878906,39.709999084472656,35.060001373291016,2825000,35.060001373291016
2019-08-12,35.400001525878906,33.5099983215332,35.04999923706055,34.0099983215332,1089200,34.0099983215332
2019-08-13,34.959999084472656,33.650001525878906,33.650001525878906,34.810001373291016,532200,34.810001373291016
2019-08-14,34.400001525878906,33.83000183105469,34.0099983215332,34.099998474121094,400700,34.099998474121094
2019-08-15,34.27000045776367,33.41999816894531,33.95000076293945,34.0,455200,34.0
2019-08-16,34.91999816894531,34.0,34.22999954223633,34.88999938964844,260500,34.88999938964844
2019-08-19,35.25,34.29999923706055,35.18000030517578,34.459999084472656,549900,34.459999084472656
2019-08-20,34.54999923706055,33.58000183105469,34.54999923706055,33.63999938964844,355500,33.63999938964844
2019-08-21,34.150001525878906,33.3650016784668,34.150001525878906,33.5099983215332,166900,33.5099983215332
2019-08-22,33.70000076293945,32.77000045776367,33.66999816894531,32.970001220703125,714400,32.970001220703125
2019-08-23,33.099998474121094,32.16999816894531,32.880001068115234,32.29999923706055,393500,32.29999923706055
2019-08-26,32.7599983215332,32.150001525878906,32.630001068115234,32.619998931884766,168400,32.619998931884766
2019-08-27,33.040000915527344,32.220001220703125,32.83000183105469,32.63999938964844,210100,32.63999938964844
2019-08-28,32.790000915527344,31.75,32.41999816894531,32.380001068115234,441000,32.380001068115234
2019-08-29,33.72999954223633,32.279998779296875,32.88999938964844,33.630001068115234,266800,33.630001068115234
2019-08-30,34.59000015258789,33.91999816894531,34.099998474121094,34.36000061035156,442600,34.36000061035156
2019-09-03,34.404998779296875,32.9900016784668,34.15999984741211,33.290000915527344,643100,33.290000915527344
2019-09-04,34.09000015258789,33.459999084472656,33.720001220703125,33.75,713700,33.75
2019-09-05,34.40999984741211,32.91999816894531,34.40999984741211,33.81999969482422,395900,33.81999969482422
2019-09-06,34.58000183105469,33.119998931884766,33.90999984741211,33.18000030517578,404000,33.18000030517578
2019-09-09,33.52000045776367,31.90999984741211,33.43000030517578,32.459999084472656,398300,32.459999084472656
2019-09-10,32.97999954223633,31.649999618530273,32.22999954223633,32.41999816894531,359600,32.41999816894531
2019-09-11,32.959999084472656,30.593000411987305,30.889999389648438,32.93000030517578,405100,32.93000030517578
2019-09-12,34.40999984741211,33.08000183105469,33.15999984741211,33.58000183105469,532700,33.58000183105469
2019-09-13,35.36000061035156,33.52000045776367,33.81999969482422,33.77000045776367,659100,33.77000045776367
2019-09-16,34.7400016784668,33.5,33.790000915527344,34.209999084472656,233700,34.209999084472656
2019-09-17,35.130001068115234,34.0,34.34000015258789,34.97999954223633,200600,34.97999954223633
2019-09-18,35.099998474121094,33.709999084472656,34.970001220703125,34.119998931884766,344700,34.119998931884766
2019-09-19,35.099998474121094,34.11000061035156,34.43000030517578,34.540000915527344,461200,34.540000915527344
2019-09-20,34.709999084472656,33.459999084472656,34.650001525878906,34.06999969482422,1299100,34.06999969482422
2019-09-23,34.619998931884766,33.71500015258789,34.130001068115234,34.5,505000,34.5
2019-09-24,35.08000183105469,33.36000061035156,34.86000061035156,33.849998474121094,630400,33.849998474121094
2019-09-25,35.290000915527344,33.470001220703125,34.0099983215332,35.209999084472656,347500,35.209999084472656
2019-09-26,35.689998626708984,34.84000015258789,35.400001525878906,35.34000015258789,340100,35.34000015258789
2019-09-27,35.529998779296875,34.060001373291016,35.529998779296875,34.38999938964844,311500,34.38999938964844
2019-09-30,34.86000061035156,34.14799880981445,34.4900016784668,34.619998931884766,206600,34.619998931884766
2019-10-01,34.9900016784668,33.459999084472656,34.849998474121094,33.5,189800,33.5
2019-10-02,33.244998931884766,32.529998779296875,33.15999984741211,33.04999923706055,344400,33.04999923706055
2019-10-03,33.13999938964844,32.150001525878906,33.0099983215332,33.0,326000,33.0
2019-10-04,34.06999969482422,32.900001525878906,33.25,33.93000030517578,200600,33.93000030517578
2019-10-07,34.56999969482422,33.5099983215332,33.93000030517578,33.880001068115234,468000,33.880001068115234
2019-10-08,34.0099983215332,33.14500045776367,33.689998626708984,33.5099983215332,307700,33.5099983215332
2019-10-09,34.20000076293945,33.58000183105469,34.029998779296875,33.880001068115234,106600,33.880001068115234
2019-10-10,34.58000183105469,33.599998474121094,34.2400016784668,34.2400016784668,524600,34.2400016784668
2019-10-11,35.40999984741211,34.36000061035156,34.790000915527344,34.560001373291016,331200,34.560001373291016
2019-10-14,34.95000076293945,34.13100051879883,34.58000183105469,34.58000183105469,145900,34.58000183105469
2019-10-15,34.939998626708984,34.5099983215332,34.77000045776367,34.849998474121094,128900,34.849998474121094
2019-10-16,35.060001373291016,34.25,35.060001373291016,34.689998626708984,201500,34.689998626708984
2019-10-17,35.29999923706055,34.650001525878906,34.7400016784668,35.2599983215332,135300,35.2599983215332
2019-10-18,35.060001373291016,33.68000030517578,35.060001373291016,33.81999969482422,318100,33.81999969482422
2019-10-21,34.720001220703125,33.959999084472656,34.310001373291016,34.54999923706055,341300,34.54999923706055
2019-10-22,35.02000045776367,33.970001220703125,34.779998779296875,34.095001220703125,423000,34.095001220703125
2019-10-23,34.560001373291016,33.75,33.90999984741211,34.29999923706055,450300,34.29999923706055
2019-10-24,35.5,34.52000045776367,34.650001525878906,35.15999984741211,505300,35.15999984741211
2019-10-25,35.75,34.81999969482422,35.220001220703125,35.709999084472656,211900,35.709999084472656
2019-10-28,36.189998626708984,35.529998779296875,35.75,36.119998931884766,231900,36.119998931884766
2019-10-29,36.36000061035156,35.91999816894531,36.130001068115234,36.06999969482422,91400,36.06999969482422
2019-10-30,36.66999816894531,35.880001068115234,36.2400016784668,36.59000015258789,102400,36.59000015258789
2019-10-31,36.900001525878906,36.27000045776367,36.689998626708984,36.869998931884766,293200,36.869998931884766
2019-11-01,37.47999954223633,36.65999984741211,37.119998931884766,37.41999816894531,153000,37.41999816894531
2019-11-04,37.959999084472656,36.91999816894531,37.7599983215332,36.95000076293945,281200,36.95000076293945
2019-11-05,38.04999923706055,37.0099983215332,37.290000915527344,38.040000915527344,228600,38.040000915527344
2019-11-06,38.18000030517578,37.564998626708984,37.880001068115234,37.72999954223633,175100,37.72999954223633
2019-11-07,38.34000015258789,37.35499954223633,38.0099983215332,37.470001220703125,323200,37.470001220703125
2019-11-08,33.400001525878906,29.0,32.61000061035156,30.0,3379400,30.0
2019-11-11,29.93000030517578,28.799999237060547,29.649999618530273,28.8700008392334,1083700,28.8700008392334
2019-11-12,29.670000076293945,28.485000610351562,28.610000610351562,28.579999923706055,559900,28.579999923706055
2019-11-13,28.969999313354492,28.0,28.510000228881836,28.31999969482422,355100,28.31999969482422
2019-11-14,28.540000915527344,27.90999984741211,28.25,28.3799991607666,301600,28.3799991607666
2019-11-15,28.989999771118164,28.209999084472656,28.6299991607666,28.8799991607666,319900,28.8799991607666
2019-11-18,29.760000228881836,28.610000610351562,28.760000228881836,29.389999389648438,393800,29.389999389648438
2019-11-19,30.270000457763672,29.420000076293945,29.479999542236328,30.079999923706055,379200,30.079999923706055
2019-11-20,30.450000762939453,29.670000076293945,29.899999618530273,30.149999618530273,715200,30.149999618530273
2019-11-21,32.040000915527344,29.940000534057617,30.309999465942383,32.02000045776367,491400,32.02000045776367
2019-11-22,32.20000076293945,31.479999542236328,32.150001525878906,32.189998626708984,260000,32.189998626708984
2019-11-25,32.470001220703125,31.850000381469727,32.2599983215332,32.005001068115234,240300,32.005001068115234
2019-11-26,33.22999954223633,31.790000915527344,32.0099983215332,33.130001068115234,260300,33.130001068115234
2019-11-27,33.75,33.13999938964844,33.279998779296875,33.720001220703125,241000,33.720001220703125
2019-11-29,33.90999984741211,33.0099983215332,33.31999969482422,33.16999816894531,190800,33.16999816894531
2019-12-02,33.33000183105469,31.079999923706055,33.33000183105469,32.709999084472656,274300,32.709999084472656
2019-12-03,32.45000076293945,31.940000534057617,32.22999954223633,32.2400016784668,995600,32.2400016784668
2019-12-04,32.47999954223633,32.040000915527344,32.47999954223633,32.38999938964844,355200,32.38999938964844
2019-12-05,32.869998931884766,32.130001068115234,32.29999923706055,32.22999954223633,205200,32.22999954223633
2019-12-06,32.619998931884766,31.709999084472656,32.5,32.0,213900,32.0
2019-12-09,32.029998779296875,31.510000228881836,31.860000610351562,31.520000457763672,163400,31.520000457763672
2019-12-10,31.6200008392334,31.239999771118164,31.59000015258789,31.360000610351562,140700,31.360000610351562
2019-12-11,32.52000045776367,31.15999984741211,31.3700008392334,32.47999954223633,750200,32.47999954223633
2019-12-12,33.06999969482422,32.150001525878906,32.279998779296875,32.9900016784668,284200,32.9900016784668
2019-12-13,34.0,32.91999816894531,33.029998779296875,33.9900016784668,434400,33.9900016784668
2019-12-16,34.689998626708984,34.060001373291016,34.060001373291016,34.310001373291016,334200,34.310001373291016
2019-12-17,34.459999084472656,33.95500183105469,34.310001373291016,34.40999984741211,273200,34.40999984741211
2019-12-18,35.18000030517578,34.02000045776367,34.33000183105469,34.81999969482422,486000,34.81999969482422
2019-12-19,35.22999954223633,34.31999969482422,34.9900016784668,34.95000076293945,282800,34.95000076293945
2019-12-20,36.540000915527344,35.03499984741211,35.09000015258789,36.36000061035156,480700,36.36000061035156
2019-12-23,36.709999084472656,36.119998931884766,36.2599983215332,36.474998474121094,264100,36.474998474121094
2019-12-24,36.40999984741211,36.09000015258789,36.310001373291016,36.279998779296875,84300,36.279998779296875
2019-12-26,36.93000030517578,36.34000015258789,36.470001220703125,36.88999938964844,123300,36.88999938964844
2019-12-27,37.33000183105469,36.17399978637695,36.9900016784668,36.63999938964844,291900,36.63999938964844
2019-12-30,36.5,35.68000030517578,36.45000076293945,36.130001068115234,250300,36.130001068115234
2019-12-31,36.45500183105469,35.709999084472656,36.16999816894531,35.90999984741211,284400,35.90999984741211
2020-01-02,37.06999969482422,35.970001220703125,36.18000030517578,36.86000061035156,220400,36.86000061035156
2020-01-03,36.86000061035156,36.130001068115234,36.130001068115234,36.810001373291016,120400,36.810001373291016
2020-01-06,37.2599983215332,36.47999954223633,36.47999954223633,37.16999816894531,274800,37.16999816894531
2020-01-07,37.34000015258789,36.869998931884766,37.189998626708984,37.060001373291016,226100,37.060001373291016
2020-01-08,37.79999923706055,37.03499984741211,37.15999984741211,37.619998931884766,215600,37.619998931884766
2020-01-09,38.0,37.380001068115234,38.0,37.65999984741211,200400,37.65999984741211
2020-01-10,37.845001220703125,37.209999084472656,37.779998779296875,37.59000015258789,320300,37.59000015258789
2020-01-13,38.529998779296875,37.65999984741211,37.86000061035156,38.529998779296875,179900,38.529998779296875
2020-01-14,39.084999084472656,37.970001220703125,38.459999084472656,38.939998626708984,168200,38.939998626708984
2020-01-15,39.7400016784668,38.97999954223633,38.97999954223633,39.40999984741211,387100,39.40999984741211
2020-01-16,39.65999984741211,39.04999923706055,39.529998779296875,39.189998626708984,200800,39.189998626708984
2020-01-17,39.64500045776367,38.91999816894531,39.52000045776367,39.099998474121094,398600,39.099998474121094
2020-01-21,39.63999938964844,38.959999084472656,39.15999984741211,39.310001373291016,739600,39.310001373291016
2020-01-22,39.665000915527344,39.22999954223633,39.5099983215332,39.349998474121094,229100,39.349998474121094
2020-01-23,39.18000030517578,35.904998779296875,37.90999984741211,36.099998474121094,740900,36.099998474121094
2020-01-24,36.7400016784668,35.93000030517578,36.25,36.380001068115234,393400,36.380001068115234
2020-01-27,36.88999938964844,35.45500183105469,35.54999923706055,36.720001220703125,543700,36.720001220703125
2020-01-28,38.44499969482422,36.90999984741211,37.099998474121094,37.66999816894531,326100,37.66999816894531
2020-01-29,38.09000015258789,37.165000915527344,38.029998779296875,37.2599983215332,114300,37.2599983215332
2020-01-30,38.060001373291016,36.790000915527344,37.0,38.040000915527344,278800,38.040000915527344
2020-01-31,38.2400016784668,36.84000015258789,38.040000915527344,36.95000076293945,308700,36.95000076293945
2020-02-03,38.56999969482422,37.02000045776367,37.369998931884766,38.4900016784668,142600,38.4900016784668
2020-02-04,39.15999984741211,38.41999816894531,39.0,38.849998474121094,358000,38.849998474121094
2020-02-05,39.38999938964844,38.720001220703125,39.38999938964844,38.75,321000,38.75
2020-02-06,39.439998626708984,38.650001525878906,39.2400016784668,39.349998474121094,199400,39.349998474121094
2020-02-07,39.470001220703125,38.849998474121094,39.18000030517578,38.970001220703125,178300,38.970001220703125
2020-02-10,39.0,38.22999954223633,38.970001220703125,38.310001373291016,133000,38.310001373291016
2020-02-11,38.86000061035156,37.60499954223633,38.619998931884766,37.630001068115234,161500,37.630001068115234
2020-02-12,38.310001373291016,37.46500015258789,37.869998931884766,38.08000183105469,138700,38.08000183105469
2020-02-13,39.2400016784668,37.849998474121094,37.93000030517578,38.869998931884766,205900,38.869998931884766
2020-02-14,39.11000061035156,37.875,38.970001220703125,38.18000030517578,412100,38.18000030517578
2020-02-18,38.58000183105469,37.9900016784668,38.290000915527344,38.060001373291016,256800,38.060001373291016
2020-02-19,38.40999984741211,37.7400016784668,38.099998474121094,38.29999923706055,564500,38.29999923706055
2020-02-20,38.654998779296875,37.7599983215332,38.31999969482422,37.790000915527344,319900,37.790000915527344
2020-02-21,37.779998779296875,36.0,37.779998779296875,36.31999969482422,413500,36.31999969482422
2020-02-24,36.08000183105469,34.810001373291016,34.95000076293945,35.869998931884766,621400,35.869998931884766
2020-02-25,36.119998931884766,34.084999084472656,36.0,34.34000015258789,479600,34.34000015258789
2020-02-26,35.61000061035156,34.29999923706055,34.47999954223633,34.79999923706055,327500,34.79999923706055
2020-02-27,34.18000030517578,32.86000061035156,33.90999984741211,33.20500183105469,847400,33.20500183105469
2020-02-28,36.4900016784668,33.0,34.869998931884766,34.79999923706055,1004800,34.79999923706055
2020-03-02,35.16999816894531,33.310001373291016,35.0099983215332,35.13999938964844,437700,35.13999938964844
2020-03-03,35.630001068115234,33.560001373291016,35.040000915527344,34.31999969482422,216200,34.31999969482422
2020-03-04,35.22999954223633,33.189998626708984,34.9900016784668,33.29499816894531,1049800,33.29499816894531
2020-03-05,33.5,30.950000762939453,32.65999984741211,31.299999237060547,439700,31.299999237060547
2020-03-06,31.489999771118164,30.31999969482422,30.31999969482422,31.010000228881836,248300,31.010000228881836
2020-03-09,29.864999771118164,27.979999542236328,28.829999923706055,28.209999084472656,312700,28.209999084472656
2020-03-10,30.15999984741211,28.059999465942383,29.100000381469727,30.149999618530273,430800,30.149999618530273
2020-03-11,30.200000762939453,28.709999084472656,29.389999389648438,29.209999084472656,313500,29.209999084472656
2020-03-12,28.510000228881836,26.290000915527344,27.290000915527344,26.299999237060547,450900,26.299999237060547
2020-03-13,29.27199935913086,25.360000610351562,27.75,29.219999313354492,690100,29.219999313354492
2020-03-16,27.799999237060547,24.90999984741211,27.799999237060547,25.110000610351562,451100,25.110000610351562
2020-03-17,29.799999237060547,23.809999465942383,24.600000381469727,29.670000076293945,552100,29.670000076293945
2020-03-18,30.75,27.530000686645508,27.93000030517578,29.270000457763672,581800,29.270000457763672
2020-03-19,32.441001892089844,27.729999542236328,29.139999389648438,27.940000534057617,601200,27.940000534057617
2020-03-20,28.371999740600586,25.43000030517578,28.170000076293945,25.719999313354492,599200,25.719999313354492
2020-03-23,27.100000381469727,24.760000228881836,26.219999313354492,25.15999984741211,278400,25.15999984741211
2020-03-24,27.309999465942383,24.700000762939453,26.600000381469727,25.200000762939453,422800,25.200000762939453
2020-03-25,26.34000015258789,24.260000228881836,25.100000381469727,24.489999771118164,409800,24.489999771118164
2020-03-26,26.450000762939453,24.309999465942383,24.809999465942383,25.6299991607666,670800,25.6299991607666
2020-03-27,26.1299991607666,24.399999618530273,25.170000076293945,24.959999084472656,461300,24.959999084472656
2020-03-30,25.40999984741211,24.639999389648438,25.149999618530273,24.8700008392334,456100,24.8700008392334
2020-03-31,27.215999603271484,24.68000030517578,24.729999542236328,26.5,655900,26.5
2020-04-01,26.93000030517578,23.139999389648438,25.93000030517578,23.56999969482422,352800,23.56999969482422
2020-04-02,24.579999923706055,23.040000915527344,23.56999969482422,23.440000534057617,340800,23.440000534057617
2020-04-03,24.152000427246094,23.219999313354492,23.440000534057617,23.489999771118164,344000,23.489999771118164
2020-04-06,25.649999618530273,24.3799991607666,24.639999389648438,25.309999465942383,725400,25.309999465942383
2020-04-07,26.700000762939453,25.610000610351562,26.079999923706055,25.700000762939453,424000,25.700000762939453
2020-04-08,27.440000534057617,25.450000762939453,25.969999313354492,27.010000228881836,217200,27.010000228881836
2020-04-09,28.405000686645508,26.94499969482422,27.31999969482422,28.34000015258789,220500,28.34000015258789
2020-04-13,28.309999465942383,27.56999969482422,28.079999923706055,28.170000076293945,156900,28.170000076293945
2020-04-14,29.375,28.200000762939453,28.719999313354492,28.809999465942383,214800,28.809999465942383
2020-04-15,28.514999389648438,27.6200008392334,28.0,28.309999465942383,204100,28.309999465942383
2020-04-16,29.309999465942383,28.170000076293945,28.420000076293945,29.020000457763672,217400,29.020000457763672
2020-04-17,30.729999542236328,29.09000015258789,29.239999771118164,30.510000228881836,321400,30.510000228881836
2020-04-20,31.030000686645508,29.8700008392334,30.049999237060547,30.829999923706055,296700,30.829999923706055
2020-04-21,30.299999237060547,28.780000686645508,30.260000228881836,29.770000457763672,254500,29.770000457763672
2020-04-22,30.520000457763672,29.700000762939453,30.489999771118164,30.06999969482422,201100,30.06999969482422
2020-04-23,31.0,30.020000457763672,30.190000534057617,30.059999465942383,146800,30.059999465942383
2020-04-24,30.3700008392334,29.799999237060547,30.260000228881836,30.149999618530273,121600,30.149999618530273
2020-04-27,31.399999618530273,30.489999771118164,30.68000030517578,31.06999969482422,130900,31.06999969482422
2020-04-28,31.799999237060547,30.40999984741211,31.739999771118164,30.690000534057617,290000,30.690000534057617
2020-04-29,33.33000183105469,31.354999542236328,31.889999389648438,33.0,325500,33.0
2020-04-30,33.16999816894531,32.04999923706055,32.72999954223633,32.9900016784668,235400,32.9900016784668
2020-05-01,32.40999984741211,30.280000686645508,32.08000183105469,31.09000015258789,184600,31.09000015258789
2020-05-04,31.6299991607666,30.440000534057617,31.049999237060547,31.530000686645508,286700,31.530000686645508
2020-05-05,32.91999816894531,31.760000228881836,32.369998931884766,31.940000534057617,203000,31.940000534057617
2020-05-06,32.790000915527344,31.360000610351562,31.75,32.619998931884766,199700,32.619998931884766
2020-05-07,33.47999954223633,32.34000015258789,33.439998626708984,32.650001525878906,200800,32.650001525878906
2020-05-08,35.029998779296875,32.130001068115234,33.43000030517578,34.34000015258789,411200,34.34000015258789
2020-05-11,34.0,32.939998626708984,33.52000045776367,33.150001525878906,292400,33.150001525878906
2020-05-12,34.36000061035156,32.97999954223633,33.349998474121094,33.2599983215332,228600,33.2599983215332
2020-05-13,33.334999084472656,31.1299991607666,33.11000061035156,32.15999984741211,205700,32.15999984741211
2020-05-14,32.439998626708984,30.8799991607666,31.709999084472656,31.889999389648438,208800,31.889999389648438
2020-05-15,32.31999969482422,30.920000076293945,31.709999084472656,32.25,162100,32.25
2020-05-18,34.86000061035156,32.63999938964844,33.369998931884766,34.540000915527344,292800,34.540000915527344
2020-05-19,35.52000045776367,34.47999954223633,34.47999954223633,34.54999923706055,239800,34.54999923706055
2020-05-20,36.02000045776367,34.52000045776367,35.0,35.849998474121094,263800,35.849998474121094
2020-05-21,36.470001220703125,35.70000076293945,35.970001220703125,35.900001525878906,147900,35.900001525878906
2020-05-22,36.540000915527344,35.77000045776367,36.099998474121094,36.290000915527344,178900,36.290000915527344
2020-05-26,38.099998474121094,36.630001068115234,37.099998474121094,37.689998626708984,274200,37.689998626708984
2020-05-27,38.209999084472656,36.5,38.099998474121094,37.689998626708984,216300,37.689998626708984
2020-05-28,38.5099983215332,37.560001373291016,38.04999923706055,37.599998474121094,217100,37.599998474121094
2020-05-29,39.20000076293945,37.470001220703125,37.470001220703125,39.09000015258789,381600,39.09000015258789
2020-06-01,39.505001068115234,38.939998626708984,39.27000045776367,38.939998626708984,336700,38.939998626708984
2020-06-02,39.88999938964844,38.3390007019043,39.0,39.81999969482422,469900,39.81999969482422
2020-06-03,41.22999954223633,39.36800003051758,39.88999938964844,39.88999938964844,464800,39.88999938964844
2020-06-04,39.970001220703125,38.849998474121094,39.439998626708984,39.25,533200,39.25
2020-06-05,40.61000061035156,39.04999923706055,39.560001373291016,40.209999084472656,273300,40.209999084472656
2020-06-08,40.33000183105469,38.8849983215332,40.0,38.93000030517578,241800,38.93000030517578
2020-06-09,39.599998474121094,38.5099983215332,38.5099983215332,39.13999938964844,201500,39.13999938964844
2020-06-10,39.63999938964844,38.9900016784668,39.209999084472656,39.41999816894531,268700,39.41999816894531
2020-06-11,38.7599983215332,35.790000915527344,38.7599983215332,36.2400016784668,253000,36.2400016784668
2020-06-12,37.7400016784668,36.2599983215332,36.2599983215332,37.02000045776367,200700,37.02000045776367
2020-06-15,37.95000076293945,35.86000061035156,36.540000915527344,37.68000030517578,297400,37.68000030517578
2020-06-16,38.709999084472656,37.0,38.540000915527344,38.20000076293945,366000,38.20000076293945
2020-06-17,39.04499816894531,38.38999938964844,38.61000061035156,38.560001373291016,241500,38.560001373291016
2020-06-18,39.415000915527344,38.4900016784668,38.4900016784668,39.060001373291016,231000,39.060001373291016
2020-06-19,39.92499923706055,37.72999954223633,39.45000076293945,37.84000015258789,741700,37.84000015258789
2020-06-22,39.279998779296875,37.95000076293945,37.9900016784668,39.150001525878906,237100,39.150001525878906
2020-06-23,39.970001220703125,39.380001068115234,39.61000061035156,39.564998626708984,287100,39.564998626708984
2020-06-24,39.68000030517578,38.040000915527344,39.25,39.13999938964844,213100,39.13999938964844
2020-06-25,39.88999938964844,38.564998626708984,38.97999954223633,39.83000183105469,207600,39.83000183105469
2020-06-26,39.75,38.040000915527344,39.75,38.13999938964844,583500,38.13999938964844
2020-06-29,39.029998779296875,37.90999984741211,38.43000030517578,38.790000915527344,176700,38.790000915527344
2020-06-30,39.959999084472656,38.22999954223633,38.83000183105469,39.75,202500,39.75
2020-07-01,40.540000915527344,39.09000015258789,39.09000015258789,40.310001373291016,325900,40.310001373291016
2020-07-02,41.0,39.040000915527344,41.0,39.400001525878906,257800,39.400001525878906
2020-07-06,39.65999984741211,38.52000045776367,39.0,39.04999923706055,313900,39.04999923706055
2020-07-07,39.97999954223633,38.73500061035156,39.09000015258789,38.79999923706055,341000,38.79999923706055
2020-07-08,39.27000045776367,38.34000015258789,38.90999984741211,39.0,320400,39.0
2020-07-09,39.369998931884766,37.959999084472656,39.0,38.689998626708984,277700,38.689998626708984
2020-07-10,39.10499954223633,38.1609992980957,38.779998779296875,38.55500030517578,176800,38.55500030517578
2020-07-13,39.15999984741211,36.970001220703125,38.86000061035156,37.02000045776367,160300,37.02000045776367
2020-07-14,37.52000045776367,36.209999084472656,37.09000015258789,37.4900016784668,156800,37.4900016784668
2020-07-15,38.689998626708984,37.6150016784668,37.869998931884766,37.95000076293945,223700,37.95000076293945
2020-07-16,37.70000076293945,36.619998931884766,37.59000015258789,37.310001373291016,139600,37.310001373291016
2020-07-17,38.439998626708984,36.959999084472656,37.27000045776367,38.04999923706055,212100,38.04999923706055
2020-07-20,39.540000915527344,37.72999954223633,38.099998474121094,39.40999984741211,195300,39.40999984741211
2020-07-21,39.9900016784668,39.0,39.75,39.20000076293945,232300,39.20000076293945
2020-07-22,39.70000076293945,38.93000030517578,39.2400016784668,39.119998931884766,103800,39.119998931884766
2020-07-23,40.47999954223633,38.72999954223633,38.90999984741211,38.95000076293945,201500,38.95000076293945
2020-07-24,39.0,38.099998474121094,38.56999969482422,38.189998626708984,228300,38.189998626708984
2020-07-27,39.779998779296875,38.439998626708984,38.439998626708984,39.709999084472656,114700,39.709999084472656
2020-07-28,39.540000915527344,38.72999954223633,39.47999954223633,39.16999816894531,148300,39.16999816894531
2020-07-29,40.790000915527344,39.380001068115234,39.560001373291016,40.459999084472656,382900,40.459999084472656
2020-07-30,40.810001373291016,39.564998626708984,39.90999984741211,40.5099983215332,134600,40.5099983215332
2020-07-31,40.400001525878906,39.220001220703125,40.36000061035156,40.29999923706055,171100,40.29999923706055
2020-08-03,40.779998779296875,40.0,40.7599983215332,40.290000915527344,354800,40.290000915527344
2020-08-04,40.790000915527344,39.93000030517578,40.29999923706055,40.66999816894531,204500,40.66999816894531
2020-08-05,42.900001525878906,40.709999084472656,40.91999816894531,42.09000015258789,656300,42.09000015258789
2020-08-06,42.03499984741211,40.15999984741211,41.93000030517578,41.13999938964844,244700,41.13999938964844
2020-08-07,44.34000015258789,40.290000915527344,42.5099983215332,41.029998779296875,490700,41.029998779296875
2020-08-10,40.939998626708984,38.5,40.939998626708984,38.79999923706055,211500,38.79999923706055
2020-08-11,39.59000015258789,38.08399963378906,38.689998626708984,38.68000030517578,174300,38.68000030517578
2020-08-12,40.25,38.959999084472656,39.189998626708984,40.150001525878906,200600,40.150001525878906
2020-08-13,41.209999084472656,39.36000061035156,39.97999954223633,40.88999938964844,179500,40.88999938964844
2020-08-14,41.09000015258789,39.900001525878906,40.88999938964844,39.959999084472656,176800,39.959999084472656
2020-08-17,40.869998931884766,39.79999923706055,40.099998474121094,40.349998474121094,171300,40.349998474121094
2020-08-18,41.810001373291016,40.2599983215332,40.45000076293945,41.349998474121094,290100,41.349998474121094
2020-08-19,41.880001068115234,40.68199920654297,41.45000076293945,41.470001220703125,145700,41.470001220703125
2020-08-20,42.060001373291016,40.9900016784668,41.06999969482422,41.75,132100,41.75
2020-08-21,41.79999923706055,40.83000183105469,41.79999923706055,40.90999984741211,90500,40.90999984741211
2020-08-24,41.869998931884766,40.97999954223633,41.47999954223633,41.810001373291016,127400,41.810001373291016
2020-08-25,42.349998474121094,41.66999816894531,42.0,42.25,133000,42.25
2020-08-26,43.15999984741211,42.33000183105469,42.33000183105469,42.630001068115234,244800,42.630001068115234
2020-08-27,43.0099983215332,41.810001373291016,42.61000061035156,42.2400016784668,123300,42.2400016784668
2020-08-28,42.900001525878906,42.369998931884766,42.61000061035156,42.599998474121094,141100,42.599998474121094
2020-08-31,42.779998779296875,41.869998931884766,42.5099983215332,42.02000045776367,253600,42.02000045776367
2020-09-01,43.349998474121094,41.33000183105469,41.939998626708984,43.0,331300,43.0
2020-09-02,43.5099983215332,42.5099983215332,43.20000076293945,43.310001373291016,231800,43.310001373291016
2020-09-03,42.95000076293945,39.86000061035156,42.95000076293945,40.4900016784668,153200,40.4900016784668
2020-09-04,40.83000183105469,38.470001220703125,40.779998779296875,39.93000030517578,242700,39.93000030517578
2020-09-08,39.70000076293945,38.56999969482422,38.7400016784668,38.90999984741211,160400,38.90999984741211
2020-09-09,40.029998779296875,38.72999954223633,39.189998626708984,39.75,149000,39.75
2020-09-10,41.4900016784668,38.65999984741211,40.56999969482422,38.709999084472656,371200,38.709999084472656
2020-09-11,38.97999954223633,37.2400016784668,38.79999923706055,37.66999816894531,269700,37.66999816894531
2020-09-14,39.279998779296875,37.79999923706055,37.79999923706055,39.060001373291016,186600,39.060001373291016
2020-09-15,39.9900016784668,39.2599983215332,39.41999816894531,39.70000076293945,171400,39.70000076293945
2020-09-16,41.81999969482422,39.720001220703125,39.9900016784668,40.380001068115234,296200,40.380001068115234
2020-09-17,40.79999923706055,38.630001068115234,39.52000045776367,40.65999984741211,288600,40.65999984741211
2020-09-18,42.150001525878906,40.75,41.54999923706055,41.93000030517578,433000,41.93000030517578
2020-09-21,41.970001220703125,40.630001068115234,41.29999923706055,41.869998931884766,241600,41.869998931884766
2020-09-22,42.77000045776367,41.28499984741211,42.22999954223633,42.66999816894531,259500,42.66999816894531
2020-09-23,42.66999816894531,39.959999084472656,42.58000183105469,40.11000061035156,269500,40.11000061035156
2020-09-24,40.61000061035156,39.3650016784668,39.93000030517578,39.880001068115234,291600,39.880001068115234
2020-09-25,41.619998931884766,39.65999984741211,39.79999923706055,41.43000030517578,176300,41.43000030517578
2020-09-28,42.619998931884766,41.790000915527344,42.0,41.880001068115234,194900,41.880001068115234
2020-09-29,42.380001068115234,41.38999938964844,41.869998931884766,41.70000076293945,126900,41.70000076293945
2020-09-30,42.529998779296875,41.314998626708984,41.58000183105469,41.97999954223633,203600,41.97999954223633
2020-10-01,43.77000045776367,42.22999954223633,42.459999084472656,43.529998779296875,272300,43.529998779296875
2020-10-02,43.525001525878906,41.95000076293945,42.20000076293945,43.0,309500,43.0
