Date,High,Low,Open,Close,Volume,Adj Close
2018-01-02,24.719999313354492,24.53499984741211,24.719999313354492,24.60700035095215,28300.0,23.982831954956055
2018-01-03,24.6200008392334,24.558000564575195,24.584999084472656,24.6200008392334,15400.0,23.99550437927246
2018-01-04,24.700000762939453,24.59000015258789,24.610000610351562,24.610000610351562,20800.0,23.98575782775879
2018-01-05,24.469999313354492,24.408000946044922,24.469999313354492,24.44099998474121,17700.0,23.821043014526367
2018-01-08,24.450000762939453,24.329999923706055,24.450000762939453,24.41200065612793,27500.0,23.79277801513672
2018-01-09,24.520000457763672,24.329999923706055,24.5,24.520000457763672,40400.0,23.898038864135742
2018-01-10,24.559999465942383,24.489999771118164,24.559999465942383,24.530000686645508,48200.0,23.907785415649414
2018-01-11,24.639999389648438,24.530000686645508,24.579999923706055,24.540000915527344,49100.0,23.917531967163086
2018-01-12,24.709999084472656,24.54800033569336,24.600000381469727,24.704999923706055,28000.0,24.078346252441406
2018-01-16,24.639999389648438,24.523000717163086,24.639999389648438,24.610000610351562,15000.0,23.98575782775879
2018-01-17,24.739999771118164,24.593000411987305,24.6299991607666,24.665000915527344,1117000.0,24.03936004638672
2018-01-18,24.690000534057617,24.56999969482422,24.690000534057617,24.65999984741211,283100.0,24.034486770629883
2018-01-19,24.690000534057617,24.618999481201172,24.670000076293945,24.649999618530273,95300.0,24.02474021911621
2018-01-22,24.829999923706055,24.639999389648438,24.690000534057617,24.760000228881836,554800.0,24.13195037841797
2018-01-23,24.8799991607666,24.71299934387207,24.738000869750977,24.860000610351562,45800.0,24.229415893554688
2018-01-24,25.18000030517578,24.979999542236328,25.010000228881836,25.18000030517578,57300.0,24.541297912597656
2018-01-25,25.299999237060547,25.049999237060547,25.299999237060547,25.079999923706055,58200.0,24.44383430480957
2018-01-26,25.299999237060547,25.198999404907227,25.200000762939453,25.299999237060547,52400.0,24.658252716064453
2018-01-29,25.229999542236328,25.139999389648438,25.229999542236328,25.209999084472656,19500.0,24.57053565979004
2018-01-30,25.329999923706055,25.093000411987305,25.329999923706055,25.100000381469727,21100.0,24.463327407836914
2018-01-31,25.170000076293945,24.926000595092773,25.059999465942383,25.0,21100.0,24.365863800048828
2018-02-01,25.09000015258789,24.899999618530273,24.899999618530273,25.09000015258789,35900.0,24.453580856323242
2018-02-02,24.889999389648438,24.700000762939453,24.889999389648438,24.790000915527344,34700.0,24.161191940307617
2018-02-05,24.8700008392334,24.579999923706055,24.8700008392334,24.579999923706055,16400.0,23.956518173217773
2018-02-06,24.6299991607666,24.459999084472656,24.6299991607666,24.579999923706055,61500.0,23.956518173217773
2018-02-07,24.65999984741211,24.219999313354492,24.65999984741211,24.280000686645508,35300.0,23.664127349853516
2018-02-08,24.299999237060547,24.110000610351562,24.299999237060547,24.110000610351562,38400.0,23.498437881469727
2018-02-09,24.09000015258789,23.73900032043457,24.09000015258789,23.860000610351562,18500.0,23.254779815673828
2018-02-12,24.049999237060547,23.97599983215332,24.030000686645508,24.020000457763672,19800.0,23.410722732543945
2018-02-13,24.18000030517578,24.049999237060547,24.1299991607666,24.139999389648438,85200.0,23.52767562866211
2018-02-14,24.5,24.079999923706055,24.149999618530273,24.489999771118164,32400.0,23.868799209594727
2018-02-15,24.579999923706055,23.579999923706055,23.579999923706055,24.579999923706055,21700.0,23.956518173217773
2018-02-16,24.559999465942383,24.469999313354492,24.540000915527344,24.540000915527344,27900.0,23.917531967163086
2018-02-20,25.5,24.440000534057617,25.5,24.459999084472656,22200.0,23.83955955505371
2018-02-21,24.606000900268555,24.46500015258789,24.524999618530273,24.479999542236328,238900.0,23.859052658081055
2018-02-22,24.670000076293945,24.520000457763672,24.579999923706055,24.6299991607666,46000.0,24.0052490234375
2018-02-23,24.700000762939453,24.559999465942383,24.670000076293945,24.691999435424805,25100.0,24.065675735473633
2018-02-26,24.823999404907227,24.736000061035156,24.760000228881836,24.790000915527344,14500.0,24.161191940307617
2018-02-27,24.739999771118164,24.610000610351562,24.739999771118164,24.6200008392334,45600.0,23.99550437927246
2018-02-28,24.719999313354492,24.47599983215332,24.68000030517578,24.5,79200.0,23.8785457611084
2018-03-01,24.649999618530273,24.360000610351562,24.530000686645508,24.64699935913086,27900.0,24.02181625366211
2018-03-02,24.549999237060547,24.440000534057617,24.50200080871582,24.549999237060547,17900.0,23.927276611328125
2018-03-05,24.700000762939453,24.43000030517578,24.459999084472656,24.690000534057617,46000.0,24.0637264251709
2018-03-06,24.809999465942383,24.735000610351562,24.770000457763672,24.739999771118164,39400.0,24.112457275390625
2018-03-07,24.809999465942383,24.486000061035156,24.770000457763672,24.513999938964844,24500.0,23.89219093322754
2018-03-08,24.479999542236328,24.322999954223633,24.479999542236328,24.385000228881836,169200.0,23.766462326049805
2018-03-09,24.5,24.426000595092773,24.43000030517578,24.469999313354492,14800.0,23.849306106567383
2018-03-12,24.5,24.309999465942383,24.5,24.399999618530273,15700.0,23.781082153320312
2018-03-13,24.549999237060547,24.405000686645508,24.549999237060547,24.440000534057617,25200.0,23.820068359375
2018-03-14,24.485000610351562,24.34000015258789,24.450000762939453,24.3700008392334,21500.0,23.75184440612793
2018-03-15,24.329999923706055,24.25,24.32900047302246,24.299999237060547,188900.0,23.683618545532227
2018-03-16,24.329999923706055,24.187999725341797,24.329999923706055,24.309999465942383,15300.0,23.6933650970459
2018-03-19,24.18000030517578,24.049999237060547,24.18000030517578,24.079999923706055,766000.0,23.469200134277344
2018-03-20,24.200000762939453,24.079999923706055,24.110000610351562,24.1299991607666,274300.0,23.517929077148438
2018-03-21,24.440000534057617,24.277000427246094,24.290000915527344,24.440000534057617,82700.0,23.820068359375
2018-03-22,24.31999969482422,24.197999954223633,24.31999969482422,24.219999313354492,231500.0,23.605648040771484
2018-03-23,24.360000610351562,24.209999084472656,24.209999084472656,24.309999465942383,27100.0,23.6933650970459
2018-03-26,24.382999420166016,24.270999908447266,24.356000900268555,24.290000915527344,677700.0,23.673873901367188
2018-03-27,24.34000015258789,24.209999084472656,24.34000015258789,24.219999313354492,39600.0,23.605648040771484
2018-03-28,24.191999435424805,24.030000686645508,24.139999389648438,24.132999420166016,36300.0,23.520854949951172
2018-03-29,24.385000228881836,24.18000030517578,24.229999542236328,24.34000015258789,24100.0,23.722604751586914
2018-04-02,24.350000381469727,24.139999389648438,24.350000381469727,24.139999389648438,49500.0,23.52767562866211
2018-04-03,24.290000915527344,24.18000030517578,24.18000030517578,24.209999084472656,36700.0,23.595901489257812
2018-04-04,24.200000762939453,23.860000610351562,24.200000762939453,24.145000457763672,42600.0,23.532550811767578
2018-04-05,24.280000686645508,24.110000610351562,24.110000610351562,24.270000457763672,19200.0,23.654380798339844
2018-04-06,24.43000030517578,24.139999389648438,24.34000015258789,24.190000534057617,20800.0,23.5764102935791
2018-04-09,24.510000228881836,24.413999557495117,24.413999557495117,24.485000610351562,8500.0,23.863927841186523
2018-04-10,24.770000457763672,24.6200008392334,24.6200008392334,24.75,40300.0,24.122203826904297
2018-04-11,24.969999313354492,24.815000534057617,24.81999969482422,24.81999969482422,11000.0,24.1904296875
2018-04-12,24.799999237060547,24.68000030517578,24.694000244140625,24.790000915527344,12600.0,24.161191940307617
2018-04-13,24.969999313354492,24.809999465942383,24.969999313354492,24.81999969482422,12400.0,24.1904296875
2018-04-16,24.90999984741211,24.770999908447266,24.90999984741211,24.780000686645508,13500.0,24.151443481445312
2018-04-17,24.829999923706055,23.829999923706055,23.829999923706055,24.81999969482422,29200.0,24.1904296875
2018-04-18,25.280000686645508,25.115999221801758,25.280000686645508,25.229999542236328,9000.0,24.590028762817383
2018-04-19,25.190000534057617,24.989999771118164,25.190000534057617,25.049999237060547,18000.0,24.414594650268555
2018-04-20,25.040000915527344,24.920000076293945,24.920000076293945,25.020000457763672,6600.0,24.385356903076172
2018-04-23,24.969999313354492,24.766000747680664,24.969999313354492,24.850000381469727,10100.0,24.219669342041016
2018-04-24,24.889999389648438,24.790000915527344,24.850000381469727,24.809999465942383,47200.0,24.180683135986328
2018-04-25,24.8700008392334,24.743999481201172,24.770000457763672,24.850000381469727,16700.0,24.219669342041016
2018-04-26,24.940000534057617,24.860000610351562,24.93400001525879,24.899999618530273,12800.0,24.268400192260742
2018-04-27,24.93000030517578,24.760000228881836,24.81999969482422,24.93000030517578,35700.0,24.297637939453125
2018-04-30,25.030000686645508,24.8700008392334,24.8799991607666,24.940000534057617,17100.0,24.307384490966797
2018-05-01,24.93000030517578,24.843000411987305,24.850000381469727,24.93000030517578,60000.0,24.297637939453125
2018-05-02,25.010000228881836,24.900999069213867,24.989999771118164,24.920000076293945,16100.0,24.287893295288086
2018-05-03,25.040000915527344,24.8799991607666,25.010000228881836,25.033000946044922,16900.0,24.398027420043945
2018-05-04,25.1200008392334,24.959999084472656,25.0,25.09000015258789,20100.0,24.453580856323242
2018-05-07,25.121999740600586,24.95599937438965,25.09000015258789,24.979999542236328,11500.0,24.34636878967285
2018-05-08,25.145000457763672,24.795000076293945,25.040000915527344,25.049999237060547,93700.0,24.414594650268555
2018-05-09,25.165000915527344,25.049999237060547,25.049999237060547,25.139999389648438,28300.0,24.50231170654297
2018-05-10,25.260000228881836,25.134000778198242,25.190000534057617,25.239999771118164,63900.0,24.599775314331055
2018-05-11,25.260000228881836,25.06999969482422,25.260000228881836,25.108999252319336,54100.0,24.472097396850586
2018-05-14,25.219999313354492,25.110000610351562,25.170000076293945,25.200000762939453,14200.0,24.560791015625
2018-05-15,25.190000534057617,25.013999938964844,25.190000534057617,25.12700080871582,42200.0,24.489643096923828
2018-05-16,25.18000030517578,25.062000274658203,25.18000030517578,25.149999618530273,9800.0,24.51205825805664
2018-05-17,25.277999877929688,25.15999984741211,25.170000076293945,25.170000076293945,13200.0,24.531551361083984
2018-05-18,25.299999237060547,25.200000762939453,25.239999771118164,25.209999084472656,298500.0,24.57053565979004
2018-05-21,25.40999984741211,25.260000228881836,25.270000457763672,25.350000381469727,7800.0,24.706985473632812
2018-05-22,25.584999084472656,25.469999313354492,25.469999313354492,25.469999313354492,55000.0,24.823942184448242
2018-05-23,25.56999969482422,25.399999618530273,25.440000534057617,25.56999969482422,12400.0,24.921403884887695
2018-05-24,25.649999618530273,25.530000686645508,25.540000915527344,25.559999465942383,19600.0,24.911657333374023
2018-05-25,25.389999389648438,25.31999969482422,25.389999389648438,25.3799991607666,9800.0,24.736223220825195
2018-05-29,25.950000762939453,25.15999984741211,25.950000762939453,25.209999084472656,90900.0,24.57053565979004
2018-05-30,25.350000381469727,25.17799949645996,25.190000534057617,25.350000381469727,39800.0,24.706985473632812
2018-05-31,25.420000076293945,25.260000228881836,25.329999923706055,25.329999923706055,24400.0,24.68749237060547
2018-06-01,25.329999923706055,25.209999084472656,25.329999923706055,25.239999771118164,28600.0,24.599775314331055
2018-06-04,25.15999984741211,24.969999313354492,25.15999984741211,24.989999771118164,21300.0,24.356115341186523
2018-06-05,25.059999465942383,24.899999618530273,24.899999618530273,25.030000686645508,42300.0,24.395103454589844
2018-06-06,25.299999237060547,25.049999237060547,25.299999237060547,25.10300064086914,27400.0,24.466251373291016
2018-06-07,25.219999313354492,24.8799991607666,24.8799991607666,25.114999771118164,27300.0,24.477947235107422
2018-06-08,25.170000076293945,25.059999465942383,25.100000381469727,25.139999389648438,28100.0,24.50231170654297
2018-06-11,25.1200008392334,24.81999969482422,24.81999969482422,25.040000915527344,10500.0,24.404850006103516
2018-06-12,25.139999389648438,24.979999542236328,24.979999542236328,25.090999603271484,24800.0,24.454553604125977
2018-06-13,25.25,25.040000915527344,25.059999465942383,25.15999984741211,14500.0,24.521804809570312
2018-06-14,24.989999771118164,24.860000610351562,24.979999542236328,24.93000030517578,26200.0,24.297637939453125
2018-06-15,25.280000686645508,24.510000228881836,25.280000686645508,24.51099967956543,14300.0,23.889265060424805
2018-06-18,24.899999618530273,24.440000534057617,24.899999618530273,24.50200080871582,31500.0,23.880496978759766
2018-06-19,24.299999237060547,24.0,24.299999237060547,24.200000762939453,25000.0,23.586156845092773
2018-06-20,24.389999389648438,24.138999938964844,24.389999389648438,24.229999542236328,25000.0,23.615394592285156
2018-06-21,24.209999084472656,24.1299991607666,24.190000534057617,24.15999984741211,21900.0,23.547170639038086
2018-06-22,24.440000534057617,24.239999771118164,24.3700008392334,24.43000030517578,32200.0,23.810321807861328
2018-06-25,24.15999984741211,24.030000686645508,24.15999984741211,24.030000686645508,31500.0,23.420469284057617
2018-06-26,24.8799991607666,24.06999969482422,24.8799991607666,24.218000411987305,38300.0,23.60369873046875
2018-06-27,24.399999618530273,24.25,24.399999618530273,24.299999237060547,25800.0,23.683618545532227
2018-06-28,24.360000610351562,24.209999084472656,24.34000015258789,24.270000457763672,38800.0,23.654380798339844
2018-06-29,24.510000228881836,24.309999465942383,24.3799991607666,24.40999984741211,21200.0,23.790828704833984
2018-07-02,24.299999237060547,24.0,24.299999237060547,24.0,36900.0,23.3912296295166
2018-07-03,24.170000076293945,23.98900032043457,24.148000717163086,24.0,36400.0,23.3912296295166
2018-07-05,24.054000854492188,23.891000747680664,23.979999542236328,23.910999298095703,27700.0,23.304487228393555
2018-07-06,24.09600067138672,23.884000778198242,23.884000778198242,24.079999923706055,41600.0,23.469200134277344
2018-07-09,24.1299991607666,24.020000457763672,24.110000610351562,24.090999603271484,19200.0,23.47991943359375
2018-07-10,24.239999771118164,23.93000030517578,24.239999771118164,23.969999313354492,28900.0,23.361989974975586
2018-07-11,23.739999771118164,23.357999801635742,23.709999084472656,23.391000747680664,23100.0,22.79767608642578
2018-07-12,23.510000228881836,23.350000381469727,23.389999389648438,23.459999084472656,48100.0,22.864925384521484
2018-07-13,23.489999771118164,23.34000015258789,23.489999771118164,23.399999618530273,1964300.0,22.806447982788086
2018-07-16,23.31999969482422,23.149999618530273,23.31999969482422,23.18000030517578,107100.0,22.592029571533203
2018-07-17,23.2189998626709,23.141000747680664,23.18000030517578,23.14699935913086,23000.0,22.559865951538086
2018-07-18,23.25,23.049999237060547,23.09000015258789,23.229999542236328,36000.0,22.64076042175293
2018-07-19,23.260000228881836,23.079999923706055,23.260000228881836,23.226999282836914,17500.0,22.637834548950195
2018-07-20,23.420000076293945,23.190000534057617,23.190000534057617,23.3799991607666,27800.0,22.786954879760742
2018-07-23,23.459999084472656,23.350000381469727,23.399999618530273,23.361000061035156,32500.0,22.7684383392334
2018-07-24,23.59000015258789,23.40999984741211,23.40999984741211,23.5,27200.0,22.903911590576172
2018-07-25,23.985000610351562,23.510000228881836,23.510000228881836,23.799999237060547,13000.0,23.19630241394043
2018-07-26,23.860000610351562,23.709999084472656,23.860000610351562,23.72800064086914,13600.0,23.126129150390625
2018-07-27,23.829999923706055,23.68000030517578,23.81999969482422,23.716999053955078,19500.0,23.115407943725586
2018-07-30,23.93000030517578,23.850000381469727,23.860000610351562,23.8799991607666,25500.0,23.27427101135254
2018-07-31,23.969999313354492,23.860000610351562,23.940000534057617,23.878999710083008,22600.0,23.273298263549805
2018-08-01,23.809999465942383,23.540000915527344,23.809999465942383,23.56999969482422,24700.0,22.972135543823242
2018-08-02,23.76099967956543,23.489999771118164,23.68000030517578,23.6299991607666,25400.0,23.03061294555664
2018-08-03,23.81999969482422,22.350000381469727,22.350000381469727,23.739999771118164,21700.0,23.13782501220703
2018-08-06,23.90999984741211,23.709999084472656,23.90999984741211,23.790000915527344,18900.0,23.18655776977539
2018-08-07,23.969999313354492,23.829999923706055,23.829999923706055,23.909000396728516,31300.0,23.30253791809082
2018-08-08,23.902000427246094,23.756000518798828,23.889999389648438,23.829999923706055,12300.0,23.225540161132812
2018-08-09,23.8700008392334,23.719999313354492,23.81999969482422,23.739999771118164,354800.0,23.13782501220703
2018-08-10,23.829999923706055,23.549999237060547,23.670000076293945,23.579999923706055,15400.0,22.981882095336914
2018-08-13,23.489999771118164,23.260000228881836,23.34000015258789,23.420000076293945,31300.0,22.82594108581543
2018-08-14,23.549999237060547,23.420000076293945,23.440000534057617,23.549999237060547,32800.0,22.9526424407959
2018-08-15,23.219999313354492,22.969999313354492,23.219999313354492,23.020000457763672,10400.0,22.436086654663086
2018-08-16,23.260000228881836,23.170000076293945,23.170000076293945,23.229999542236328,47200.0,22.64076042175293
2018-08-17,23.420000076293945,23.257999420166016,23.360000610351562,23.420000076293945,15800.0,22.82594108581543
2018-08-20,23.549999237060547,23.33099937438965,23.549999237060547,23.35700035095215,65100.0,22.76453971862793
2018-08-21,23.43400001525879,23.35300064086914,23.43000030517578,23.35300064086914,18500.0,22.76064109802246
2018-08-22,23.469999313354492,23.389999389648438,23.402999877929688,23.43199920654297,12100.0,22.837636947631836
2018-08-23,23.5,23.246999740600586,23.5,23.270000457763672,15600.0,22.679744720458984
2018-08-24,23.533000946044922,23.40999984741211,23.482999801635742,23.440000534057617,13400.0,22.845434188842773
2018-08-27,23.540000915527344,23.43000030517578,23.49799919128418,23.5,23400.0,22.903911590576172
2018-08-28,23.510000228881836,23.334999084472656,23.510000228881836,23.34000015258789,35000.0,22.747970581054688
2018-08-29,23.69499969482422,23.393999099731445,23.43000030517578,23.510000228881836,139000.0,22.913658142089844
2018-08-30,23.510000228881836,23.3700008392334,23.510000228881836,23.420000076293945,23600.0,22.82594108581543
2018-08-31,23.670000076293945,23.440000534057617,23.670000076293945,23.475000381469727,25400.0,22.879547119140625
2018-09-04,23.34000015258789,23.229999542236328,23.260000228881836,23.25,31100.0,22.660253524780273
2018-09-05,23.260000228881836,23.15999984741211,23.229999542236328,23.200000762939453,12000.0,22.611522674560547
2018-09-06,23.280000686645508,23.049999237060547,23.049999237060547,23.1200008392334,84600.0,22.533552169799805
2018-09-07,23.170000076293945,23.06100082397461,23.100000381469727,23.15999984741211,15100.0,22.57253646850586
2018-09-10,23.290000915527344,23.219999313354492,23.219999313354492,23.253999710083008,31900.0,22.66415023803711
2018-09-11,23.27899932861328,23.190000534057617,23.190000534057617,23.274999618530273,13900.0,22.68461799621582
2018-09-12,23.489999771118164,23.239999771118164,23.239999771118164,23.399999618530273,16300.0,22.806447982788086
2018-09-13,23.43000030517578,23.170000076293945,23.3700008392334,23.190000534057617,40900.0,22.601776123046875
2018-09-14,23.18000030517578,22.989999771118164,22.989999771118164,23.059999465942383,18800.0,22.47507095336914
2018-09-17,23.15999984741211,23.020000457763672,23.1299991607666,23.033000946044922,18600.0,22.44875717163086
2018-09-18,23.229999542236328,23.110000610351562,23.110000610351562,23.209999084472656,16200.0,22.621267318725586
2018-09-19,23.399999618530273,22.959999084472656,22.959999084472656,23.371000289916992,24700.0,22.778182983398438
2018-09-20,23.559999465942383,23.219999313354492,23.219999313354492,23.540000915527344,18200.0,22.94289779663086
2018-09-21,23.68000030517578,23.530000686645508,23.530000686645508,23.68000030517578,20100.0,23.079345703125
2018-09-24,23.849000930786133,23.639999389648438,23.639999389648438,23.78499984741211,16700.0,23.181682586669922
2018-09-25,23.92300033569336,23.81999969482422,23.81999969482422,23.858999252319336,20900.0,23.25380516052246
2018-09-26,23.863000869750977,23.719999313354492,23.81999969482422,23.74799919128418,34100.0,23.145620346069336
2018-09-27,24.040000915527344,23.530000686645508,23.739999771118164,23.760000228881836,24200.0,23.157318115234375
2018-09-28,24.010000228881836,23.799999237060547,23.799999237060547,23.920000076293945,28400.0,23.313257217407227
2018-10-01,24.270000457763672,23.93000030517578,23.93000030517578,24.239999771118164,34800.0,23.625141143798828
2018-10-02,24.459999084472656,24.219999313354492,24.219999313354492,24.43000030517578,14500.0,23.810321807861328
2018-10-03,24.655000686645508,24.479999542236328,24.523000717163086,24.614999771118164,25100.0,23.990629196166992
2018-10-04,24.5939998626709,24.31999969482422,24.5939998626709,24.38800048828125,7800.0,23.76938819885254
2018-10-05,24.75,24.347000122070312,24.75,24.399999618530273,15200.0,23.781082153320312
2018-10-08,24.40999984741211,24.299999237060547,24.299999237060547,24.40999984741211,4400.0,23.790828704833984
2018-10-09,24.493000030517578,24.3700008392334,24.384000778198242,24.493000030517578,16200.0,23.871723175048828
2018-10-10,24.459999084472656,24.170000076293945,24.459999084472656,24.190000534057617,50100.0,23.5764102935791
2018-10-11,24.43899917602539,24.040000915527344,24.18000030517578,24.06999969482422,30100.0,23.459453582763672
2018-10-12,24.290000915527344,24.15999984741211,24.290000915527344,24.229999542236328,12700.0,23.615394592285156
2018-10-15,24.48900032043457,24.280000686645508,24.280000686645508,24.433000564575195,30800.0,23.81324577331543
2018-10-16,24.479999542236328,24.39299964904785,24.43000030517578,24.43000030517578,402600.0,23.810321807861328
2018-10-17,24.450000762939453,24.280000686645508,24.415000915527344,24.365999221801758,200000.0,23.747943878173828
2018-10-18,24.19499969482422,24.05500030517578,24.135000228881836,24.058000564575195,21700.0,23.447757720947266
2018-10-19,24.229999542236328,24.1200008392334,24.209999084472656,24.15999984741211,21200.0,23.547170639038086
2018-10-22,24.1200008392334,24.055999755859375,24.079999923706055,24.06999969482422,22600.0,23.459453582763672
2018-10-23,24.01300048828125,23.881000518798828,24.01300048828125,23.9060001373291,13300.0,23.29961395263672
2018-10-24,24.0,22.709999084472656,23.940000534057617,23.780000686645508,106300.0,23.17681121826172
2018-10-25,23.84000015258789,23.604999542236328,23.84000015258789,23.729999542236328,25500.0,23.128076553344727
2018-10-26,23.90999984741211,23.68000030517578,23.68000030517578,23.889999389648438,101400.0,23.28401756286621
2018-10-29,23.773000717163086,23.610000610351562,23.773000717163086,23.6200008392334,53600.0,23.0208683013916
2018-10-30,23.690000534057617,23.440000534057617,23.690000534057617,23.489999771118164,61300.0,22.8941650390625
2018-10-31,23.5049991607666,23.34000015258789,23.450000762939453,23.3799991607666,12300.0,22.786954879760742
2018-11-01,23.600000381469727,23.239999771118164,23.239999771118164,23.454999923706055,88600.0,22.86005401611328
2018-11-02,23.577999114990234,23.5,23.520000457763672,23.577999114990234,13500.0,22.97993278503418
2018-11-05,23.770000457763672,23.600000381469727,23.670000076293945,23.628000259399414,18400.0,23.028663635253906
2018-11-06,23.59000015258789,23.44700050354004,23.59000015258789,23.489999771118164,27400.0,22.8941650390625
2018-11-07,23.565000534057617,23.3799991607666,23.3799991607666,23.479999542236328,35700.0,22.884418487548828
2018-11-08,23.479999542236328,23.360000610351562,23.450000762939453,23.3799991607666,28900.0,22.786954879760742
2018-11-09,23.447999954223633,22.86400032043457,23.200000762939453,23.299999237060547,20400.0,22.708982467651367
2018-11-12,23.434999465942383,23.27199935913086,23.329999923706055,23.29800033569336,25500.0,22.7070369720459
2018-11-13,23.275999069213867,23.09000015258789,23.270000457763672,23.09000015258789,30800.0,22.504310607910156
2018-11-14,23.850000381469727,23.540000915527344,23.540000915527344,23.84000015258789,25800.0,23.235286712646484
2018-11-15,23.850000381469727,23.190000534057617,23.850000381469727,23.190000534057617,59700.0,22.601776123046875
2018-11-16,23.68000030517578,23.28499984741211,23.28499984741211,23.6560001373291,62400.0,23.055953979492188
2018-11-19,23.888999938964844,23.565000534057617,23.709999084472656,23.780000686645508,50800.0,23.17681121826172
2018-11-20,23.530000686645508,23.134000778198242,23.399999618530273,23.340999603271484,27000.0,22.748945236206055
2018-11-21,23.65999984741211,23.3799991607666,23.3799991607666,23.43000030517578,40800.0,22.8356876373291
2018-11-23,23.399999618530273,23.041000366210938,23.399999618530273,23.079999923706055,23500.0,22.494564056396484
2018-11-26,22.969999313354492,22.799999237060547,22.959999084472656,22.940000534057617,39900.0,22.358118057250977
2018-11-27,22.8799991607666,22.735000610351562,22.81999969482422,22.84000015258789,224200.0,22.260652542114258
2018-11-28,23.309999465942383,22.969999313354492,23.052000045776367,23.209999084472656,855600.0,22.621267318725586
2018-11-29,24.0,23.1200008392334,24.0,23.219999313354492,570500.0,22.631013870239258
2018-11-30,23.239999771118164,23.06999969482422,23.09000015258789,23.219999313354492,38100.0,22.631013870239258
2018-12-03,23.43000030517578,23.26099967956543,23.43000030517578,23.360000610351562,40700.0,22.76746368408203
2018-12-04,23.600000381469727,23.440000534057617,23.59000015258789,23.479999542236328,672400.0,22.884418487548828
2018-12-06,23.30500030517578,23.0,23.0,23.25,659500.0,22.660253524780273
2018-12-07,23.663999557495117,23.503999710083008,23.6200008392334,23.530000686645508,117900.0,22.933151245117188
2018-12-10,23.459999084472656,23.219999313354492,23.31999969482422,23.280000686645508,44700.0,22.689491271972656
2018-12-11,23.40999984741211,23.209999084472656,23.40999984741211,23.2549991607666,27300.0,22.66512680053711
2018-12-12,23.277999877929688,23.06999969482422,23.229999542236328,23.06999969482422,412200.0,22.484817504882812
2018-12-13,25.469999313354492,23.110000610351562,25.25,23.24799919128418,186400.0,22.65830421447754
2018-12-14,23.0,22.82200050354004,22.889999389648438,22.827999114990234,34800.0,22.24895668029785
2018-12-17,22.790000915527344,22.5,22.788999557495117,22.5,42300.0,21.929277420043945
2018-12-18,22.597999572753906,22.34000015258789,22.399999618530273,22.360000610351562,30200.0,21.792829513549805
2018-12-19,22.479999542236328,22.322999954223633,22.357999801635742,22.3700008392334,481800.0,21.802576065063477
2018-12-20,22.559999465942383,21.565000534057617,22.559999465942383,22.040000915527344,97200.0,21.71685028076172
2018-12-21,21.959999084472656,21.795000076293945,21.959999084472656,21.797000885009766,81600.0,21.477413177490234
2018-12-24,21.809999465942383,21.6299991607666,21.809999465942383,21.6299991607666,81300.0,21.3128604888916
2018-12-26,21.8700008392334,21.60099983215332,21.8700008392334,21.832000732421875,182100.0,21.511899948120117
2018-12-27,21.7450008392334,21.389999389648438,21.389999389648438,21.68000030517578,169800.0,21.36212921142578
2018-12-28,21.950000762939453,21.583999633789062,21.920000076293945,21.638999938964844,136800.0,21.32172966003418
2018-12-31,21.6299991607666,21.360000610351562,21.6299991607666,21.5,264600.0,21.18476676940918
2019-01-02,21.66699981689453,21.280000686645508,21.280000686645508,21.459999084472656,20700.0,21.145353317260742
2019-01-03,21.639999389648438,21.40999984741211,21.559999465942383,21.608999252319336,25000.0,21.29216957092285
2019-01-04,21.885000228881836,21.780000686645508,21.829999923706055,21.851999282836914,24500.0,21.531606674194336
2019-01-07,22.030000686645508,21.90999984741211,21.950000762939453,21.93000030517578,49300.0,21.608463287353516
2019-01-08,22.079999923706055,21.979999542236328,22.049999237060547,22.010000228881836,19100.0,21.68729019165039
2019-01-09,22.316999435424805,22.139999389648438,22.170000076293945,22.270000457763672,28800.0,21.943477630615234
2019-01-10,22.229999542236328,22.134000778198242,22.229999542236328,22.179000854492188,70000.0,21.85381317138672
2019-01-11,22.260000228881836,22.170000076293945,22.209999084472656,22.239999771118164,16800.0,21.913917541503906
2019-01-14,22.34000015258789,22.219999313354492,22.219999313354492,22.260000228881836,33100.0,21.933624267578125
2019-01-15,22.420000076293945,22.299999237060547,22.34000015258789,22.350000381469727,19400.0,22.02230453491211
2019-01-16,22.881000518798828,22.32200050354004,22.5,22.389999389648438,21500.0,22.061717987060547
2019-01-17,22.489999771118164,22.288999557495117,22.367000579833984,22.479999542236328,15800.0,22.15039825439453
2019-01-18,22.684999465942383,22.420000076293945,22.459999084472656,22.6200008392334,24100.0,22.288347244262695
2019-01-22,22.469999313354492,22.26799964904785,22.469999313354492,22.3799991607666,69900.0,22.051864624023438
2019-01-23,22.440000534057617,22.283000946044922,22.40999984741211,22.360000610351562,22600.0,22.03215980529785
2019-01-24,22.459999084472656,22.34000015258789,22.34600067138672,22.3700008392334,11600.0,22.04201316833496
2019-01-25,22.611000061035156,22.389999389648438,22.399999618530273,22.604000091552734,16700.0,22.272581100463867
2019-01-28,22.389999389648438,22.260000228881836,22.389999389648438,22.290000915527344,19500.0,21.963186264038086
2019-01-29,22.479999542236328,22.427000045776367,22.437000274658203,22.45599937438965,22300.0,22.126750946044922
2019-01-30,22.735000610351562,22.549999237060547,22.6200008392334,22.59000015258789,20400.0,22.258787155151367
2019-01-31,22.780000686645508,22.514999389648438,22.780000686645508,22.54800033569336,27000.0,22.2174015045166
2019-02-01,22.642000198364258,22.549999237060547,22.549999237060547,22.6200008392334,11700.0,22.288347244262695
2019-02-04,22.670000076293945,22.450000762939453,22.530000686645508,22.639999389648438,15600.0,22.30805206298828
2019-02-05,22.639999389648438,22.55500030517578,22.579999923706055,22.597999572753906,23300.0,22.26666831970215
2019-02-06,22.649999618530273,22.5,22.5,22.559999465942383,24500.0,22.229225158691406
2019-02-07,22.538000106811523,22.302000045776367,22.538000106811523,22.360000610351562,14800.0,22.03215980529785
2019-02-08,22.459999084472656,22.32200050354004,22.459999084472656,22.3700008392334,23500.0,22.04201316833496
2019-02-11,22.389999389648438,22.21299934387207,22.389999389648438,22.260000228881836,10200.0,21.933624267578125
2019-02-12,22.40999984741211,22.329999923706055,22.399999618530273,22.34000015258789,32300.0,22.012451171875
2019-02-13,22.452999114990234,22.3700008392334,22.450000762939453,22.3700008392334,20700.0,22.04201316833496
2019-02-14,22.3700008392334,22.281999588012695,22.309999465942383,22.360000610351562,8500.0,22.03215980529785
2019-02-15,22.649999618530273,22.469999313354492,22.530000686645508,22.649999618530273,309500.0,22.31790542602539
2019-02-19,22.729999542236328,22.5,22.5,22.690000534057617,171700.0,22.35732078552246
2019-02-20,22.860000610351562,22.700000762939453,22.739999771118164,22.799999237060547,1594300.0,22.46570587158203
2019-02-21,22.858999252319336,22.799999237060547,22.829999923706055,22.84000015258789,195800.0,22.5051212310791
2019-02-22,22.969999313354492,22.8799991607666,22.90999984741211,22.8799991607666,714500.0,22.544532775878906
2019-02-25,22.889999389648438,22.670000076293945,22.889999389648438,22.670000076293945,934100.0,22.337614059448242
2019-02-26,22.739999771118164,22.666000366210938,22.709999084472656,22.709999084472656,69400.0,22.377025604248047
2019-02-27,22.860000610351562,22.732999801635742,22.760000228881836,22.81999969482422,15600.0,22.485414505004883
2019-02-28,22.790000915527344,22.690000534057617,22.760000228881836,22.739999771118164,23400.0,22.406585693359375
2019-03-01,22.81999969482422,22.540000915527344,22.81999969482422,22.559999465942383,63800.0,22.229225158691406
2019-03-04,22.719999313354492,22.549999237060547,22.690000534057617,22.610000610351562,53400.0,22.278493881225586
2019-03-05,22.739999771118164,22.645999908447266,22.68000030517578,22.739999771118164,18100.0,22.406585693359375
2019-03-06,22.670000076293945,22.55500030517578,22.670000076293945,22.559999465942383,47900.0,22.229225158691406
2019-03-07,22.56999969482422,22.489999771118164,22.56999969482422,22.530000686645508,18300.0,22.19966697692871
2019-03-08,22.527999877929688,22.368000030517578,22.3799991607666,22.510000228881836,13300.0,22.179960250854492
2019-03-11,22.520000457763672,22.433000564575195,22.520000457763672,22.489999771118164,15600.0,22.16025161743164
2019-03-12,22.65999984741211,22.56999969482422,22.56999969482422,22.65999984741211,19500.0,22.3277587890625
2019-03-13,22.836999893188477,22.649999618530273,22.670000076293945,22.809999465942383,11500.0,22.47555923461914
2019-03-14,22.809999465942383,22.719999313354492,22.770000457763672,22.719999313354492,17100.0,22.386878967285156
2019-03-15,22.860000610351562,22.6299991607666,22.6299991607666,22.81999969482422,28000.0,22.485414505004883
2019-03-18,22.93000030517578,22.860000610351562,22.889999389648438,22.93000030517578,23100.0,22.593801498413086
2019-03-19,23.07200050354004,22.899999618530273,23.020000457763672,22.940000534057617,18500.0,22.603654861450195
2019-03-20,23.1299991607666,22.979000091552734,22.979999542236328,23.1299991607666,12500.0,22.790868759155273
2019-03-21,23.110000610351562,23.010000228881836,23.079999923706055,23.06999969482422,15800.0,22.731748580932617
2019-03-22,22.95400047302246,22.819000244140625,22.950000762939453,22.889999389648438,18700.0,22.554386138916016
2019-03-25,22.986000061035156,22.850000381469727,22.8700008392334,22.940000534057617,4900.0,22.603654861450195
2019-03-26,23.030000686645508,22.959999084472656,23.030000686645508,22.969999313354492,15800.0,22.63321304321289
2019-03-27,22.940000534057617,22.799999237060547,22.940000534057617,22.809999465942383,15200.0,22.47555923461914
2019-03-28,22.739999771118164,22.68000030517578,22.68000030517578,22.729999542236328,9200.0,22.396732330322266
2019-03-29,22.822999954223633,22.690000534057617,22.812000274658203,22.690000534057617,6800.0,22.35732078552246
2019-04-01,22.90999984741211,22.799999237060547,22.799999237060547,22.875999450683594,12800.0,22.540592193603516
2019-04-02,22.959999084472656,22.81999969482422,22.81999969482422,22.945999145507812,25400.0,22.60956573486328
2019-04-03,23.040000915527344,22.940000534057617,23.0,23.010000228881836,5400.0,22.67262840270996
2019-04-04,23.100000381469727,22.979999542236328,23.030000686645508,23.049999237060547,6300.0,22.712039947509766
2019-04-05,23.100000381469727,23.020999908447266,23.06999969482422,23.09000015258789,74200.0,22.751455307006836
2019-04-08,23.22800064086914,23.149999618530273,23.149999618530273,23.18000030517578,12900.0,22.84013557434082
2019-04-09,23.18400001525879,23.1299991607666,23.170000076293945,23.139999389648438,14200.0,22.800722122192383
2019-04-10,23.290000915527344,23.209999084472656,23.209999084472656,23.25,17500.0,22.909109115600586
2019-04-11,23.200000762939453,23.020000457763672,23.190000534057617,23.072999954223633,28600.0,22.734704971313477
2019-04-12,23.18000030517578,23.139999389648438,23.15999984741211,23.18000030517578,4300.0,22.84013557434082
2019-04-15,23.139999389648438,23.062000274658203,23.139999389648438,23.075000762939453,14800.0,22.736675262451172
2019-04-16,23.010000228881836,22.93000030517578,23.010000228881836,22.969999313354492,18100.0,22.63321304321289
2019-04-17,23.049999237060547,22.8799991607666,23.0,22.889999389648438,291800.0,22.554386138916016
2019-04-18,22.940000534057617,22.850000381469727,22.920000076293945,22.940000534057617,19000.0,22.603654861450195
2019-04-22,23.09000015258789,22.979999542236328,23.0,23.0,129800.0,22.66277503967285
2019-04-23,23.040000915527344,22.8700008392334,23.040000915527344,22.90999984741211,15600.0,22.574094772338867
2019-04-24,22.940000534057617,22.809999465942383,22.940000534057617,22.822999954223633,27400.0,22.48836898803711
2019-04-25,22.84000015258789,22.75,22.795000076293945,22.75,12500.0,22.416440963745117
2019-04-26,22.760000228881836,22.610000610351562,22.760000228881836,22.639999389648438,15600.0,22.30805206298828
2019-04-29,22.670000076293945,22.55699920654297,22.6200008392334,22.610000610351562,10200.0,22.278493881225586
2019-04-30,22.690000534057617,22.56399917602539,22.65999984741211,22.6200008392334,19400.0,22.288347244262695
2019-05-01,23.360000610351562,22.450000762939453,22.56999969482422,22.520000457763672,122700.0,22.1898136138916
2019-05-02,22.450000762939453,22.299999237060547,22.43000030517578,22.360000610351562,22300.0,22.03215980529785
2019-05-03,22.48900032043457,22.3700008392334,22.440000534057617,22.399999618530273,22200.0,22.071571350097656
2019-05-06,22.393999099731445,22.209999084472656,22.209999084472656,22.3799991607666,78000.0,22.051864624023438
2019-05-07,22.219999313354492,22.139999389648438,22.190000534057617,22.15999984741211,17300.0,21.83509063720703
2019-05-08,22.204999923706055,22.139999389648438,22.190000534057617,22.170000076293945,13600.0,21.84494400024414
2019-05-09,22.079999923706055,21.950000762939453,22.040000915527344,22.020000457763672,8400.0,21.6971435546875
2019-05-10,22.163000106811523,22.020000457763672,22.020000457763672,22.110000610351562,27600.0,21.785823822021484
2019-05-13,22.09000015258789,21.940000534057617,22.049999237060547,21.986000061035156,9300.0,21.66364288330078
2019-05-14,22.309999465942383,22.15999984741211,22.15999984741211,22.25,18300.0,21.923770904541016
2019-05-15,22.450000762939453,22.350000381469727,22.350000381469727,22.389999389648438,33300.0,22.061717987060547
2019-05-16,22.600000381469727,22.530000686645508,22.530000686645508,22.600000381469727,10700.0,22.268640518188477
2019-05-17,22.5,22.35300064086914,22.5,22.354999542236328,9000.0,22.027231216430664
2019-05-20,22.540000915527344,22.417999267578125,22.540000915527344,22.450000762939453,11100.0,22.120840072631836
2019-05-21,22.507999420166016,22.3700008392334,22.459999084472656,22.420000076293945,133700.0,22.091278076171875
2019-05-22,22.325000762939453,22.155000686645508,22.325000762939453,22.17799949645996,11700.0,21.852827072143555
2019-05-23,22.204999923706055,21.886999130249023,22.0,21.90999984741211,146600.0,21.588756561279297
2019-05-24,22.149999618530273,22.041000366210938,22.055999755859375,22.149999618530273,11400.0,21.825237274169922
2019-05-28,22.360000610351562,22.239999771118164,22.280000686645508,22.290000915527344,8000.0,21.963186264038086
2019-05-29,22.389999389648438,22.239999771118164,22.389999389648438,22.308000564575195,7100.0,21.980920791625977
2019-05-30,22.360000610351562,22.200000762939453,22.290000915527344,22.208999633789062,6700.0,21.883371353149414
2019-05-31,22.097000122070312,21.799999237060547,21.979999542236328,21.799999237060547,11700.0,21.48036766052246
2019-06-03,21.940000534057617,21.59000015258789,21.940000534057617,21.719999313354492,127300.0,21.401540756225586
2019-06-04,21.8700008392334,21.719999313354492,21.719999313354492,21.8700008392334,17800.0,21.54934310913086
2019-06-05,21.780000686645508,21.479999542236328,21.780000686645508,21.5,16100.0,21.18476676940918
2019-06-06,21.760000228881836,21.510000228881836,21.510000228881836,21.756000518798828,15300.0,21.437015533447266
2019-06-07,21.729999542236328,21.665000915527344,21.690000534057617,21.704999923706055,10200.0,21.386762619018555
2019-06-10,21.757999420166016,21.6200008392334,21.6200008392334,21.68600082397461,22100.0,21.3680419921875
2019-06-11,21.829999923706055,21.709999084472656,21.719999313354492,21.795000076293945,16000.0,21.47544288635254
2019-06-12,21.788000106811523,21.659000396728516,21.729999542236328,21.659000396728516,4700.0,21.3414363861084
2019-06-13,21.90999984741211,21.780000686645508,21.8700008392334,21.826000213623047,11900.0,21.5059871673584
2019-06-14,21.989999771118164,21.8799991607666,21.8799991607666,21.90999984741211,20300.0,21.588756561279297
2019-06-17,21.944000244140625,21.860000610351562,21.940000534057617,21.885000228881836,9500.0,21.564123153686523
2019-06-18,22.09000015258789,21.860000610351562,21.860000610351562,22.018999099731445,34000.0,21.696157455444336
2019-06-19,22.024999618530273,21.892000198364258,21.950000762939453,22.0,9800.0,21.67743682861328
2019-06-20,22.334999084472656,22.25,22.25,22.309999465942383,16500.0,21.982891082763672
2019-06-21,22.31999969482422,22.209999084472656,22.31999969482422,22.226999282836914,19400.0,21.901107788085938
2019-06-24,22.444000244140625,22.29800033569336,22.31999969482422,22.420000076293945,9800.0,22.091278076171875
2019-06-25,22.594999313354492,22.474000930786133,22.559999465942383,22.489999771118164,24600.0,22.16025161743164
2019-06-26,22.658000946044922,22.524999618530273,22.56999969482422,22.56999969482422,12400.0,22.239078521728516
2019-06-27,22.600000381469727,22.559999465942383,22.577999114990234,22.579999923706055,13600.0,22.248931884765625
2019-06-28,22.638999938964844,22.3799991607666,22.625999450683594,22.3799991607666,8000.0,22.051864624023438
2019-07-01,22.461000442504883,22.201000213623047,22.43000030517578,22.253000259399414,5700.0,21.926727294921875
2019-07-02,22.15999984741211,21.993000030517578,22.15999984741211,22.020999908447266,9100.0,21.698129653930664
2019-07-03,22.277000427246094,22.110000610351562,22.110000610351562,22.257999420166016,13400.0,21.93165397644043
2019-07-05,22.31399917602539,22.229999542236328,22.270000457763672,22.295000076293945,80000.0,21.968111038208008
2019-07-08,22.360000610351562,22.23200035095215,22.329999923706055,22.239999771118164,10000.0,21.913917541503906
2019-07-09,22.329999923706055,22.139999389648438,22.280000686645508,22.329999923706055,23800.0,22.00259780883789
2019-07-10,22.714000701904297,22.540000915527344,22.540000915527344,22.690000534057617,9500.0,22.35732078552246
2019-07-11,22.767000198364258,22.320999145507812,22.72599983215332,22.70400047302246,19500.0,22.37111473083496
2019-07-12,22.88800048828125,22.780000686645508,22.790000915527344,22.854999542236328,12200.0,22.519899368286133
2019-07-15,22.850000381469727,22.691999435424805,22.850000381469727,22.709999084472656,16800.0,22.377025604248047
2019-07-16,22.65999984741211,22.399999618530273,22.65999984741211,22.469999313354492,10000.0,22.140544891357422
2019-07-17,22.53700065612793,22.39299964904785,22.53700065612793,22.413999557495117,9400.0,22.085365295410156
2019-07-18,22.420000076293945,22.26300048828125,22.420000076293945,22.360000610351562,19100.0,22.03215980529785
2019-07-19,22.450000762939453,22.360000610351562,22.40999984741211,22.450000762939453,14900.0,22.120840072631836
2019-07-22,22.43000030517578,22.31999969482422,22.420000076293945,22.35300064086914,16400.0,22.02526092529297
2019-07-23,22.43000030517578,22.261999130249023,22.299999237060547,22.40399932861328,6500.0,22.075511932373047
2019-07-24,22.549999237060547,22.3439998626709,22.5,22.389999389648438,11200.0,22.061717987060547
2019-07-25,22.39699935913086,22.260000228881836,22.364999771118164,22.280000686645508,11800.0,21.953332901000977
2019-07-26,22.290000915527344,22.209999084472656,22.219999313354492,22.219999313354492,11100.0,21.894210815429688
2019-07-29,22.309999465942383,22.202999114990234,22.239999771118164,22.280000686645508,5600.0,21.953332901000977
2019-07-30,22.33300018310547,22.25,22.31999969482422,22.329999923706055,16800.0,22.00259780883789
2019-07-31,22.415000915527344,22.187999725341797,22.329999923706055,22.190000534057617,13200.0,21.86465072631836
2019-08-01,22.100000381469727,21.743999481201172,22.01300048828125,21.799999237060547,110000.0,21.48036766052246
2019-08-02,21.850000381469727,21.770000457763672,21.850000381469727,21.790000915527344,9600.0,21.470516204833984
2019-08-05,21.729999542236328,21.56999969482422,21.56999969482422,21.700000762939453,13400.0,21.3818359375
2019-08-06,21.780000686645508,21.617000579833984,21.709999084472656,21.6200008392334,18200.0,21.303009033203125
2019-08-07,21.604000091552734,21.405000686645508,21.540000915527344,21.600000381469727,68600.0,21.283302307128906
2019-08-08,21.81999969482422,21.59000015258789,21.639999389648438,21.799999237060547,31600.0,21.48036766052246
2019-08-09,21.940000534057617,21.860000610351562,21.93000030517578,21.889999389648438,20600.0,21.569049835205078
2019-08-12,22.527000427246094,21.6200008392334,22.41699981689453,21.739999771118164,36600.0,21.421249389648438
2019-08-13,22.170000076293945,21.65999984741211,22.170000076293945,21.920000076293945,23900.0,21.598609924316406
2019-08-14,21.770000457763672,21.652999877929688,21.700000762939453,21.709999084472656,34600.0,21.391687393188477
2019-08-15,21.719999313354492,21.6299991607666,21.639999389648438,21.660999298095703,33700.0,21.343406677246094
2019-08-16,21.756000518798828,21.63599967956543,21.756000518798828,21.690000534057617,5500.0,21.37198257446289
2019-08-19,21.666000366210938,21.600000381469727,21.649999618530273,21.635000228881836,19500.0,21.31778907775879
2019-08-20,21.700000762939453,21.597000122070312,21.700000762939453,21.65999984741211,10900.0,21.342422485351562
2019-08-21,21.78700065612793,21.655000686645508,21.75,21.683000564575195,13800.0,21.36508560180664
2019-08-22,21.68000030517578,21.56399917602539,21.68000030517578,21.584999084472656,12500.0,21.26852035522461
2019-08-23,21.558000564575195,21.389999389648438,21.479999542236328,21.454999923706055,22100.0,21.140426635742188
2019-08-26,21.690000534057617,21.54400062561035,21.65999984741211,21.55900001525879,11600.0,21.242902755737305
2019-08-27,21.660999298095703,21.55299949645996,21.559999465942383,21.652000427246094,23200.0,21.33453941345215
2019-08-28,21.850000381469727,21.760000228881836,21.825000762939453,21.836000442504883,20300.0,21.51584243774414
2019-08-29,22.072999954223633,21.841999053955078,21.90999984741211,21.87700080871582,15100.0,21.55624008178711
2019-08-30,21.950000762939453,21.75,21.899999618530273,21.770000457763672,12200.0,21.450809478759766
2019-09-03,21.77899932861328,21.280000686645508,21.6299991607666,21.739999771118164,114700.0,21.421249389648438
2019-09-04,22.20599937438965,22.010000228881836,22.010000228881836,22.15999984741211,36500.0,21.83509063720703
2019-09-05,22.173999786376953,22.041000366210938,22.149999618530273,22.041000366210938,13700.0,21.717836380004883
2019-09-06,22.069000244140625,21.94499969482422,21.989999771118164,22.01099967956543,10100.0,21.688274383544922
2019-09-09,22.23699951171875,22.110000610351562,22.1200008392334,22.17799949645996,6200.0,21.852827072143555
2019-09-10,22.34000015258789,22.149999618530273,22.149999618530273,22.266000747680664,13600.0,21.939537048339844
2019-09-11,22.25,22.079999923706055,22.25,22.1200008392334,18100.0,21.795677185058594
2019-09-12,22.253000259399414,22.049999237060547,22.049999237060547,22.21500015258789,19800.0,21.889284133911133
2019-09-13,22.290000915527344,22.225000381469727,22.229999542236328,22.250999450683594,12300.0,21.924755096435547
2019-09-16,23.110000610351562,22.7549991607666,22.8700008392334,22.910999298095703,9600.0,22.5750789642334
2019-09-17,22.979999542236328,22.530000686645508,22.979999542236328,22.547000885009766,16100.0,22.21641731262207
2019-09-18,22.520000457763672,22.39699935913086,22.5,22.459999084472656,50900.0,22.130691528320312
2019-09-19,22.549999237060547,22.450000762939453,22.510000228881836,22.479999542236328,10800.0,22.15039825439453
2019-09-20,22.530000686645508,22.3799991607666,22.479999542236328,22.40999984741211,9600.0,22.081424713134766
2019-09-23,22.59600067138672,22.520000457763672,22.520000457763672,22.56399917602539,12600.0,22.233165740966797
2019-09-24,22.527999877929688,22.413999557495117,22.5,22.413999557495117,13200.0,22.085365295410156
2019-09-25,22.336999893188477,22.229999542236328,22.260000228881836,22.325000762939453,17900.0,21.99767303466797
2019-09-26,22.315000534057617,22.14299964904785,22.315000534057617,22.229999542236328,11200.0,21.904064178466797
2019-09-27,22.239999771118164,22.06999969482422,22.06999969482422,22.139999389648438,18100.0,21.815383911132812
2019-09-30,22.139999389648438,22.020999908447266,22.079999923706055,22.030000686645508,7300.0,21.70699691772461
2019-10-01,22.059999465942383,21.979999542236328,21.979999542236328,22.040000915527344,28400.0,21.71685028076172
2019-10-02,22.040000915527344,21.89900016784668,22.010000228881836,21.93899917602539,20900.0,21.61733055114746
2019-10-03,22.049999237060547,21.84000015258789,21.84000015258789,22.01099967956543,13100.0,21.688274383544922
2019-10-04,22.100000381469727,22.035999298095703,22.049999237060547,22.075000762939453,22300.0,21.7513370513916
2019-10-07,22.117000579833984,21.974000930786133,22.079999923706055,22.006000518798828,10300.0,21.683349609375
2019-10-08,22.062999725341797,21.959999084472656,21.959999084472656,22.03700065612793,12200.0,21.713895797729492
2019-10-09,22.219999313354492,22.04599952697754,22.18000030517578,22.049999237060547,15800.0,21.726703643798828
2019-10-10,22.149999618530273,22.031999588012695,22.1299991607666,22.05500030517578,8300.0,21.731630325317383
2019-10-11,22.356000900268555,22.170000076293945,22.170000076293945,22.329999923706055,17300.0,22.00259780883789
2019-10-14,22.299999237060547,22.204999923706055,22.240999221801758,22.299999237060547,12600.0,21.973037719726562
2019-10-15,22.309999465942383,22.18400001525879,22.239999771118164,22.21500015258789,18300.0,21.889284133911133
2019-10-16,22.229999542236328,22.149999618530273,22.200000762939453,22.156999588012695,17600.0,21.832134246826172
2019-10-17,22.389999389648438,22.163999557495117,22.239999771118164,22.239999771118164,19900.0,21.913917541503906
2019-10-18,22.31999969482422,22.2549991607666,22.280000686645508,22.291000366210938,5700.0,21.964170455932617
2019-10-21,22.200000762939453,22.152999877929688,22.200000762939453,22.18000030517578,11300.0,21.85479736328125
2019-10-22,22.399999618530273,22.19499969482422,22.399999618530273,22.209999084472656,28900.0,21.884357452392578
2019-10-23,22.420000076293945,22.23200035095215,22.23200035095215,22.420000076293945,6100.0,22.091278076171875
2019-10-24,22.516000747680664,21.687000274658203,22.5,22.489999771118164,16200.0,22.16025161743164
2019-10-25,22.610000610351562,22.469999313354492,22.559999465942383,22.59000015258789,14300.0,22.258787155151367
2019-10-28,22.610000610351562,22.479999542236328,22.579999923706055,22.52400016784668,19600.0,22.193754196166992
2019-10-29,22.65399932861328,22.40999984741211,22.40999984741211,22.549999237060547,10800.0,22.219371795654297
2019-10-30,22.6200008392334,22.475000381469727,22.6200008392334,22.559999465942383,11200.0,22.229225158691406
2019-10-31,22.8799991607666,22.39900016784668,22.8799991607666,22.479999542236328,11700.0,22.15039825439453
2019-11-01,22.799999237060547,22.520000457763672,22.530000686645508,22.799999237060547,12600.0,22.46570587158203
2019-11-04,22.93899917602539,22.81999969482422,22.861000061035156,22.844999313354492,13900.0,22.510046005249023
2019-11-05,22.910999298095703,22.857999801635742,22.889999389648438,22.90999984741211,13600.0,22.574094772338867
2019-11-06,22.908000946044922,22.714000701904297,22.8700008392334,22.719999313354492,11300.0,22.386878967285156
2019-11-07,22.799999237060547,22.670000076293945,22.790000915527344,22.670000076293945,12300.0,22.337614059448242
2019-11-08,22.68600082397461,22.503000259399414,22.54599952697754,22.65999984741211,30800.0,22.3277587890625
2019-11-11,22.549999237060547,22.389999389648438,22.530000686645508,22.40999984741211,11000.0,22.081424713134766
2019-11-12,22.466999053955078,22.3799991607666,22.40999984741211,22.450000762939453,14600.0,22.120840072631836
2019-11-13,22.452999114990234,22.309999465942383,22.309999465942383,22.45199966430664,15600.0,22.1228084564209
2019-11-14,22.448999404907227,22.363000869750977,22.413999557495117,22.385000228881836,15000.0,22.056791305541992
2019-11-15,22.48900032043457,22.3700008392334,22.389999389648438,22.415000915527344,13600.0,22.086353302001953
2019-11-18,22.31999969482422,22.17799949645996,22.31999969482422,22.18000030517578,13700.0,21.85479736328125
2019-11-19,22.149999618530273,22.040000915527344,22.079999923706055,22.051000595092773,22200.0,21.727689743041992
2019-11-20,22.239999771118164,22.110000610351562,22.18000030517578,22.187000274658203,22600.0,21.8616943359375
2019-11-21,22.35300064086914,22.26300048828125,22.280000686645508,22.299999237060547,11000.0,21.973037719726562
2019-11-22,22.413000106811523,22.304000854492188,22.384000778198242,22.340999603271484,17200.0,22.013437271118164
2019-11-25,22.440000534057617,22.219999313354492,22.440000534057617,22.299999237060547,36000.0,21.973037719726562
2019-11-26,22.34000015258789,22.239999771118164,22.239999771118164,22.270000457763672,45600.0,21.943477630615234
2019-11-27,22.299999237060547,22.200000762939453,22.290000915527344,22.231000900268555,34000.0,21.90505027770996
2019-11-29,22.059999465942383,21.902999877929688,22.059999465942383,21.902999877929688,7300.0,21.581859588623047
2019-12-02,21.959999084472656,21.860000610351562,21.899999618530273,21.8799991607666,25600.0,21.559194564819336
2019-12-03,22.025999069213867,21.920000076293945,21.950000762939453,21.989999771118164,83800.0,21.667583465576172
2019-12-04,22.135000228881836,22.010000228881836,22.100000381469727,22.11199951171875,48700.0,21.78779411315918
2019-12-05,22.236000061035156,22.13800048828125,22.219999313354492,22.156999588012695,105300.0,21.832134246826172
2019-12-06,22.280000686645508,22.1200008392334,22.1200008392334,22.22800064086914,437500.0,21.9020938873291
2019-12-09,22.211000442504883,22.149999618530273,22.149999618530273,22.200000762939453,106700.0,21.8745059967041
2019-12-10,22.329999923706055,22.20199966430664,22.260000228881836,22.291000366210938,23400.0,21.964170455932617
2019-12-11,22.3700008392334,22.208999633789062,22.360000610351562,22.26799964904785,22800.0,21.94150733947754
2019-12-12,22.51300048828125,22.350000381469727,22.350000381469727,22.493999481201172,36200.0,22.164194107055664
2019-12-13,22.719999313354492,22.513999938964844,22.579999923706055,22.524999618530273,12400.0,22.194738388061523
2019-12-16,22.808000564575195,22.64299964904785,22.733999252319336,22.764999389648438,15400.0,22.43121910095215
2019-12-17,22.81999969482422,22.77199935913086,22.790000915527344,22.809999465942383,20500.0,22.47555923461914
2019-12-18,22.790000915527344,22.729999542236328,22.739999771118164,22.780000686645508,25200.0,22.446001052856445
2019-12-19,22.5,22.420000076293945,22.450000762939453,22.469999313354492,60600.0,22.469999313354492
2019-12-20,22.530000686645508,22.450000762939453,22.450000762939453,22.479999542236328,27000.0,22.479999542236328
2019-12-23,22.489999771118164,22.360000610351562,22.420000076293945,22.459999084472656,50200.0,22.459999084472656
2019-12-24,22.6200008392334,22.489999771118164,22.489999771118164,22.594999313354492,18600.0,22.594999313354492
2019-12-26,22.770000457763672,22.639999389648438,22.639999389648438,22.75,19300.0,22.75
2019-12-27,22.785999298095703,22.729999542236328,22.760000228881836,22.768999099731445,31900.0,22.768999099731445
2019-12-30,22.8700008392334,22.75,22.854999542236328,22.780000686645508,72400.0,22.780000686645508
2019-12-31,22.700000762939453,22.62299919128418,22.700000762939453,22.68000030517578,85100.0,22.68000030517578
2020-01-02,22.719999313354492,22.6299991607666,22.709999084472656,22.684999465942383,20500.0,22.684999465942383
2020-01-03,22.889999389648438,22.75,22.889999389648438,22.777999877929688,38000.0,22.777999877929688
2020-01-06,22.989999771118164,22.822999954223633,22.979999542236328,22.850000381469727,79400.0,22.850000381469727
2020-01-07,22.88599967956543,22.78700065612793,22.829999923706055,22.851999282836914,118700.0,22.851999282836914
2020-01-08,22.8799991607666,22.503999710083008,22.809999465942383,22.6200008392334,67800.0,22.6200008392334
2020-01-09,22.56999969482422,22.450000762939453,22.56999969482422,22.530000686645508,20000.0,22.530000686645508
2020-01-10,22.636999130249023,22.56800079345703,22.573999404907227,22.60700035095215,107600.0,22.60700035095215
2020-01-13,22.809999465942383,22.447999954223633,22.600000381469727,22.489999771118164,30300.0,22.489999771118164
2020-01-14,22.56999969482422,22.489999771118164,22.5,22.523000717163086,23700.0,22.523000717163086
2020-01-15,22.510000228881836,22.389999389648438,22.510000228881836,22.43000030517578,30700.0,22.43000030517578
2020-01-16,22.476999282836914,22.26300048828125,22.440000534057617,22.309999465942383,16100.0,22.309999465942383
2020-01-17,22.3799991607666,22.28499984741211,22.309999465942383,22.3799991607666,251200.0,22.3799991607666
2020-01-21,22.25,22.15999984741211,22.25,22.18899917602539,54900.0,22.18899917602539
2020-01-22,22.170000076293945,22.040000915527344,22.149999618530273,22.051000595092773,36800.0,22.051000595092773
2020-01-23,21.937000274658203,21.8799991607666,21.93000030517578,21.93400001525879,8800.0,21.93400001525879
2020-01-24,21.760000228881836,21.62700080871582,21.760000228881836,21.68000030517578,15400.0,21.68000030517578
2020-01-27,21.552000045776367,21.309999465942383,21.479999542236328,21.3799991607666,63500.0,21.3799991607666
2020-01-28,21.450000762939453,21.290000915527344,21.290000915527344,21.41200065612793,37400.0,21.41200065612793
2020-01-29,21.3799991607666,21.242000579833984,21.3799991607666,21.290000915527344,30500.0,21.290000915527344
2020-01-30,21.139999389648438,20.990999221801758,21.1299991607666,21.10099983215332,19900.0,21.10099983215332
2020-01-31,21.079999923706055,20.94700050354004,21.040000915527344,20.97599983215332,30900.0,20.97599983215332
2020-02-03,20.920000076293945,20.719999313354492,20.8799991607666,20.729999542236328,160100.0,20.729999542236328
2020-02-04,20.899999618530273,20.78499984741211,20.850000381469727,20.809999465942383,491800.0,20.809999465942383
2020-02-05,21.020000457763672,20.950000762939453,20.950000762939453,21.0,166200.0,21.0
2020-02-06,21.06999969482422,20.90999984741211,20.979999542236328,21.059999465942383,149900.0,21.059999465942383
2020-02-07,21.017000198364258,20.959999084472656,20.989999771118164,20.989999771118164,50300.0,20.989999771118164
2020-02-10,20.8799991607666,20.799999237060547,20.850000381469727,20.829999923706055,50000.0,20.829999923706055
2020-02-11,20.950000762939453,20.84000015258789,20.950000762939453,20.899999618530273,49100.0,20.899999618530273
2020-02-12,21.1200008392334,20.969999313354492,20.969999313354492,21.09000015258789,92000.0,21.09000015258789
2020-02-13,21.173999786376953,21.100000381469727,21.15999984741211,21.149999618530273,44000.0,21.149999618530273
2020-02-14,21.219999313354492,21.115999221801758,21.219999313354492,21.155000686645508,59000.0,21.155000686645508
2020-02-18,21.360000610351562,21.209999084472656,21.209999084472656,21.360000610351562,37100.0,21.360000610351562
2020-02-19,21.506999969482422,21.312999725341797,21.3799991607666,21.489999771118164,111500.0,21.489999771118164
2020-02-20,21.496999740600586,21.375,21.420000076293945,21.3799991607666,57500.0,21.3799991607666
2020-02-21,21.415000915527344,21.31999969482422,21.329999923706055,21.382999420166016,52800.0,21.382999420166016
2020-02-24,21.1200008392334,20.920000076293945,21.059999465942383,20.950000762939453,47700.0,20.950000762939453
2020-02-25,20.989999771118164,20.749000549316406,20.989999771118164,20.760000228881836,210500.0,20.760000228881836
2020-02-26,20.81999969482422,20.6299991607666,20.770000457763672,20.6299991607666,23100.0,20.6299991607666
2020-02-27,20.56999969482422,20.19499969482422,20.56999969482422,20.354999542236328,171000.0,20.354999542236328
2020-02-28,20.350000381469727,19.790000915527344,20.350000381469727,20.010000228881836,60700.0,20.010000228881836
2020-03-02,20.43000030517578,20.149999618530273,20.149999618530273,20.398000717163086,95800.0,20.398000717163086
2020-03-03,20.709999084472656,20.48900032043457,20.5,20.579999923706055,69800.0,20.579999923706055
2020-03-04,20.709999084472656,20.525999069213867,20.649999618530273,20.610000610351562,85200.0,20.610000610351562
2020-03-05,20.579999923706055,20.3799991607666,20.479999542236328,20.440000534057617,53300.0,20.440000534057617
2020-03-06,20.25,19.920000076293945,20.25,19.989999771118164,828000.0,19.989999771118164
2020-03-09,19.33099937438965,19.020000457763672,19.1200008392334,19.270000457763672,85900.0,19.270000457763672
2020-03-10,19.59000015258789,19.392000198364258,19.479999542236328,19.549999237060547,54300.0,19.549999237060547
2020-03-11,19.52899932861328,19.18000030517578,19.469999313354492,19.18000030517578,72500.0,19.18000030517578
2020-03-12,18.829999923706055,17.969999313354492,18.65999984741211,18.542999267578125,63100.0,18.542999267578125
2020-03-13,18.950000762939453,18.350000381469727,18.950000762939453,18.719999313354492,182500.0,18.719999313354492
2020-03-16,17.8799991607666,17.1299991607666,17.739999771118164,17.56999969482422,726500.0,17.56999969482422
2020-03-17,17.829999923706055,17.350000381469727,17.350000381469727,17.559999465942383,105200.0,17.559999465942383
2020-03-18,17.149999618530273,16.360000610351562,17.079999923706055,16.77400016784668,211900.0,16.77400016784668
2020-03-19,17.34000015258789,16.760000228881836,16.850000381469727,17.1299991607666,144300.0,17.1299991607666
2020-03-20,17.739999771118164,17.1299991607666,17.565000534057617,17.729999542236328,408500.0,17.729999542236328
2020-03-23,18.489999771118164,17.145999908447266,17.479999542236328,18.399999618530273,95800.0,18.399999618530273
2020-03-24,18.809999465942383,17.309999465942383,18.06999969482422,17.309999465942383,144900.0,17.309999465942383
2020-03-25,18.3799991607666,17.3799991607666,17.3799991607666,18.200000762939453,435500.0,18.200000762939453
2020-03-26,18.59000015258789,17.760000228881836,18.079999923706055,18.079999923706055,231000.0,18.079999923706055
2020-03-27,17.899999618530273,17.488000869750977,17.899999618530273,17.690000534057617,53100.0,17.690000534057617
2020-03-30,17.670000076293945,17.329999923706055,17.489999771118164,17.670000076293945,178700.0,17.670000076293945
2020-03-31,17.690000534057617,17.34000015258789,17.690000534057617,17.450000762939453,83000.0,17.450000762939453
2020-04-01,17.65999984741211,16.8799991607666,17.424999237060547,17.18000030517578,57500.0,17.18000030517578
2020-04-02,17.6299991607666,17.219999313354492,17.219999313354492,17.43000030517578,40800.0,17.43000030517578
2020-04-03,17.709999084472656,17.40999984741211,17.420000076293945,17.469999313354492,43400.0,17.469999313354492
2020-04-06,17.959999084472656,17.520000457763672,17.68000030517578,17.68000030517578,90600.0,17.68000030517578
2020-04-07,18.329999923706055,17.700000762939453,18.290000915527344,17.709999084472656,75400.0,17.709999084472656
2020-04-08,18.18199920654297,17.6200008392334,17.6200008392334,18.110000610351562,72400.0,18.110000610351562
2020-04-09,18.33099937438965,17.709999084472656,18.280000686645508,18.100000381469727,133300.0,18.100000381469727
2020-04-13,18.530000686645508,17.691999435424805,18.530000686645508,18.34000015258789,129200.0,18.34000015258789
2020-04-14,19.540000915527344,17.72800064086914,19.540000915527344,18.09000015258789,154200.0,18.09000015258789
2020-04-15,18.18000030517578,17.360000610351562,17.8799991607666,17.68000030517578,230700.0,17.68000030517578
2020-04-16,17.920000076293945,17.309999465942383,17.510000228881836,17.600000381469727,92000.0,17.600000381469727
2020-04-17,17.89900016784668,17.280000686645508,17.3700008392334,17.760000228881836,95300.0,17.760000228881836
2020-04-20,17.83799934387207,17.25200080871582,17.5,17.520000457763672,130600.0,17.520000457763672
2020-04-21,17.489999771118164,16.68000030517578,17.489999771118164,17.25,90600.0,17.25
2020-04-22,17.510000228881836,17.100000381469727,17.299999237060547,17.399999618530273,54800.0,17.399999618530273
2020-04-23,17.809999465942383,17.509000778198242,17.690000534057617,17.670000076293945,185900.0,17.670000076293945
2020-04-24,17.670000076293945,16.940000534057617,17.670000076293945,17.100000381469727,50700.0,17.100000381469727
2020-04-27,17.402000427246094,16.920000076293945,17.0,17.149999618530273,92700.0,17.149999618530273
2020-04-28,17.889999389648438,16.895000457763672,17.889999389648438,17.010000228881836,83300.0,17.010000228881836
2020-04-29,17.75200080871582,17.055999755859375,17.5,17.350000381469727,162100.0,17.350000381469727
2020-04-30,17.770000457763672,17.030000686645508,17.290000915527344,17.15999984741211,158500.0,17.15999984741211
2020-05-01,17.510000228881836,17.0,17.295000076293945,17.149999618530273,69800.0,17.149999618530273
2020-05-04,17.43000030517578,17.0,17.0,17.354999542236328,37600.0,17.354999542236328
2020-05-05,17.638999938964844,17.280000686645508,17.520000457763672,17.420000076293945,154900.0,17.420000076293945
2020-05-06,17.459999084472656,17.200000762939453,17.40999984741211,17.280000686645508,55500.0,17.280000686645508
2020-05-07,17.719999313354492,17.280000686645508,17.280000686645508,17.479999542236328,85200.0,17.479999542236328
2020-05-08,17.760000228881836,17.3700008392334,17.479999542236328,17.75,161300.0,17.75
2020-05-11,17.809999465942383,17.4060001373291,17.809999465942383,17.530000686645508,92500.0,17.530000686645508
2020-05-12,17.56999969482422,17.219999313354492,17.440000534057617,17.440000534057617,179300.0,17.440000534057617
2020-05-13,17.40999984741211,17.020000457763672,17.31999969482422,17.239999771118164,134700.0,17.239999771118164
2020-05-14,17.40999984741211,16.94099998474121,17.079999923706055,17.25,173600.0,17.25
2020-05-15,17.479999542236328,17.15999984741211,17.15999984741211,17.299999237060547,169900.0,17.299999237060547
2020-05-18,17.889999389648438,17.520000457763672,17.520000457763672,17.860000610351562,118300.0,17.860000610351562
2020-05-19,17.920000076293945,17.65999984741211,17.920000076293945,17.84000015258789,110000.0,17.84000015258789
2020-05-20,17.952999114990234,17.739999771118164,17.90999984741211,17.920000076293945,408100.0,17.920000076293945
2020-05-21,17.969999313354492,17.510000228881836,17.969999313354492,17.760000228881836,68700.0,17.760000228881836
2020-05-22,17.652000427246094,17.5,17.59000015258789,17.56999969482422,68200.0,17.56999969482422
2020-05-26,17.889999389648438,17.639999389648438,17.84000015258789,17.709999084472656,111300.0,17.709999084472656
2020-05-27,17.81999969482422,17.5,17.81999969482422,17.600000381469727,68300.0,17.600000381469727
2020-05-28,17.760000228881836,17.594999313354492,17.690000534057617,17.65999984741211,134100.0,17.65999984741211
2020-05-29,17.950000762939453,17.600000381469727,17.600000381469727,17.89699935913086,145700.0,17.89699935913086
2020-06-01,17.979999542236328,17.739999771118164,17.780000686645508,17.84000015258789,182000.0,17.84000015258789
2020-06-02,18.065000534057617,17.920000076293945,17.93000030517578,17.950000762939453,137700.0,17.950000762939453
2020-06-03,18.1299991607666,17.84000015258789,17.950000762939453,17.899999618530273,175300.0,17.899999618530273
2020-06-04,18.270000457763672,18.01099967956543,18.020000457763672,18.079999923706055,212500.0,18.079999923706055
2020-06-05,18.299999237060547,18.110000610351562,18.299999237060547,18.110000610351562,39700.0,18.110000610351562
2020-06-08,18.360000610351562,18.139999389648438,18.200000762939453,18.270000457763672,81400.0,18.270000457763672
2020-06-09,18.299999237060547,18.159000396728516,18.299999237060547,18.26799964904785,101400.0,18.26799964904785
2020-06-10,18.43000030517578,18.239999771118164,18.25,18.3700008392334,52500.0,18.3700008392334
2020-06-11,18.239999771118164,17.937999725341797,18.1200008392334,18.030000686645508,77300.0,18.030000686645508
2020-06-12,18.149999618530273,17.920000076293945,18.110000610351562,18.049999237060547,89600.0,18.049999237060547
2020-06-15,17.979999542236328,17.6299991607666,17.920000076293945,17.90999984741211,35700.0,17.90999984741211
2020-06-16,18.149999618530273,17.902000427246094,18.06999969482422,18.010000228881836,20300.0,18.010000228881836
2020-06-17,18.049999237060547,17.899999618530273,17.989999771118164,17.986000061035156,87800.0,17.986000061035156
2020-06-18,18.030000686645508,17.940000534057617,17.940000534057617,17.969999313354492,65100.0,17.969999313354492
2020-06-19,18.27400016784668,18.0,18.100000381469727,18.1299991607666,118700.0,18.1299991607666
2020-06-22,18.280000686645508,18.059999465942383,18.110000610351562,18.219999313354492,51700.0,18.219999313354492
2020-06-23,18.290000915527344,18.1200008392334,18.190000534057617,18.200000762939453,116200.0,18.200000762939453
2020-06-24,18.219999313354492,17.809999465942383,18.094999313354492,17.84000015258789,51800.0,17.84000015258789
2020-06-25,17.969999313354492,17.774999618530273,17.81999969482422,17.899999618530273,84900.0,17.899999618530273
2020-06-26,17.90999984741211,17.719999313354492,17.75,17.719999313354492,30000.0,17.719999313354492
2020-06-29,18.099000930786133,17.93000030517578,17.93000030517578,18.010000228881836,20400.0,18.010000228881836
2020-06-30,18.309999465942383,17.920000076293945,17.920000076293945,18.270000457763672,23500.0,18.270000457763672
2020-07-01,18.420000076293945,18.25,18.280000686645508,18.360000610351562,58100.0,18.360000610351562
2020-07-02,18.5,18.3799991607666,18.450000762939453,18.40999984741211,20700.0,18.40999984741211
2020-07-06,18.684999465942383,18.540000915527344,18.540000915527344,18.670000076293945,55700.0,18.670000076293945
2020-07-07,18.81999969482422,18.6200008392334,18.6200008392334,18.6299991607666,50000.0,18.6299991607666
2020-07-08,18.940000534057617,18.729999542236328,18.739999771118164,18.850000381469727,64100.0,18.850000381469727
2020-07-09,18.979999542236328,18.64699935913086,18.940000534057617,18.68000030517578,52100.0,18.68000030517578
2020-07-10,18.84000015258789,18.700000762939453,18.760000228881836,18.780000686645508,55400.0,18.780000686645508
2020-07-13,18.829999923706055,18.559999465942383,18.780000686645508,18.579999923706055,45100.0,18.579999923706055
2020-07-14,18.75,18.559999465942383,18.579999923706055,18.690000534057617,101300.0,18.690000534057617
2020-07-15,18.780000686645508,18.600000381469727,18.639999389648438,18.739999771118164,69700.0,18.739999771118164
2020-07-16,18.82200050354004,18.604999542236328,18.610000610351562,18.690000534057617,71500.0,18.690000534057617
2020-07-17,18.768999099731445,18.639999389648438,18.724000930786133,18.639999389648438,40600.0,18.639999389648438
2020-07-20,18.729999542236328,18.579999923706055,18.729999542236328,18.6299991607666,42800.0,18.6299991607666
2020-07-21,18.979999542236328,18.799999237060547,18.799999237060547,18.899999618530273,62200.0,18.899999618530273
2020-07-22,19.139999389648438,18.899999618530273,18.899999618530273,19.06999969482422,49300.0,19.06999969482422
2020-07-23,19.280000686645508,18.979999542236328,18.979999542236328,19.110000610351562,68300.0,19.110000610351562
2020-07-24,19.290000915527344,19.139999389648438,19.139999389648438,19.209999084472656,62800.0,19.209999084472656
2020-07-27,19.399999618530273,19.253000259399414,19.290000915527344,19.280000686645508,58600.0,19.280000686645508
2020-07-28,19.399999618530273,19.25,19.25,19.299999237060547,51800.0,19.299999237060547
2020-07-29,19.700000762939453,19.350000381469727,19.360000610351562,19.6200008392334,343300.0,19.6200008392334
2020-07-30,19.459999084472656,19.200000762939453,19.389999389648438,19.25,56000.0,19.25
2020-07-31,19.459999084472656,19.290000915527344,19.399999618530273,19.31999969482422,28800.0,19.31999969482422
2020-08-03,19.799999237060547,19.43000030517578,19.43000030517578,19.760000228881836,50400.0,19.760000228881836
2020-08-04,19.889999389648438,19.635000228881836,19.760000228881836,19.8700008392334,82600.0,19.8700008392334
2020-08-05,20.266000747680664,20.020000457763672,20.149999618530273,20.09000015258789,53300.0,20.09000015258789
2020-08-06,20.299999237060547,20.059999465942383,20.190000534057617,20.059999465942383,52900.0,20.059999465942383
2020-08-07,20.1299991607666,19.790000915527344,20.1299991607666,19.809999465942383,59900.0,19.809999465942383
2020-08-10,20.100000381469727,19.90999984741211,19.979999542236328,19.920000076293945,60900.0,19.920000076293945
2020-08-11,19.899999618530273,19.540000915527344,19.850000381469727,19.600000381469727,173400.0,19.600000381469727
2020-08-12,19.809999465942383,19.6200008392334,19.687000274658203,19.6200008392334,37900.0,19.6200008392334
2020-08-13,19.90999984741211,19.760000228881836,19.760000228881836,19.829999923706055,73200.0,19.829999923706055
2020-08-14,20.040000915527344,19.906999588012695,19.920000076293945,19.940000534057617,49900.0,19.940000534057617
2020-08-17,20.34000015258789,20.1299991607666,20.1299991607666,20.25,177100.0,20.25
2020-08-18,20.5049991607666,20.25,20.40999984741211,20.360000610351562,171000.0,20.360000610351562
2020-08-19,20.5,20.209999084472656,20.469999313354492,20.290000915527344,47000.0,20.290000915527344
2020-08-20,20.329999923706055,20.09000015258789,20.25,20.229999542236328,148600.0,20.229999542236328
2020-08-21,20.149999618530273,19.959999084472656,19.979999542236328,20.110000610351562,30600.0,20.110000610351562
2020-08-24,20.280000686645508,20.06999969482422,20.280000686645508,20.1299991607666,38200.0,20.1299991607666
2020-08-25,20.375,20.190000534057617,20.209999084472656,20.25,71600.0,20.25
2020-08-26,20.3700008392334,20.239999771118164,20.239999771118164,20.309999465942383,33100.0,20.309999465942383
2020-08-27,20.440000534057617,20.2549991607666,20.3799991607666,20.440000534057617,31600.0,20.440000534057617
2020-08-28,20.690000534057617,20.488000869750977,20.610000610351562,20.690000534057617,49000.0,20.690000534057617
2020-08-31,20.81999969482422,20.565000534057617,20.81999969482422,20.600000381469727,36400.0,20.600000381469727
2020-09-01,20.864999771118164,20.56999969482422,20.68000030517578,20.709999084472656,137000.0,20.709999084472656
2020-09-02,20.729999542236328,20.413000106811523,20.709999084472656,20.59000015258789,63100.0,20.59000015258789
2020-09-03,20.520000457763672,20.25,20.520000457763672,20.31999969482422,46300.0,20.31999969482422
2020-09-04,20.520000457763672,20.229999542236328,20.290000915527344,20.5,49300.0,20.5
2020-09-08,20.18000030517578,19.899999618530273,20.18000030517578,20.0,67300.0,20.0
2020-09-09,20.3700008392334,20.040000915527344,20.139999389648438,20.170000076293945,54600.0,20.170000076293945
2020-09-10,20.292999267578125,20.007999420166016,20.229999542236328,20.059999465942383,73000.0,20.059999465942383
2020-09-11,20.190000534057617,20.059999465942383,20.059999465942383,20.09000015258789,22700.0,20.09000015258789
2020-09-14,20.260000228881836,20.159000396728516,20.25,20.18000030517578,50000.0,20.18000030517578
2020-09-15,20.239999771118164,20.114999771118164,20.18199920654297,20.190000534057617,39600.0,20.190000534057617
2020-09-16,20.3799991607666,20.231000900268555,20.350000381469727,20.329999923706055,47500.0,20.329999923706055
2020-09-17,20.40999984741211,20.100000381469727,20.110000610351562,20.329999923706055,32700.0,20.329999923706055
2020-09-18,20.59000015258789,20.354999542236328,20.420000076293945,20.459999084472656,66800.0,20.459999084472656
2020-09-21,20.25,19.829999923706055,20.25,20.09000015258789,76900.0,20.09000015258789
2020-09-22,20.079999923706055,19.885000228881836,20.030000686645508,19.979999542236328,57500.0,19.979999542236328
2020-09-23,19.954999923706055,19.780000686645508,19.950000762939453,19.850000381469727,33500.0,19.850000381469727
2020-09-24,19.959999084472656,19.670000076293945,19.770000457763672,19.93000030517578,31300.0,19.93000030517578
2020-09-25,19.940000534057617,19.780000686645508,19.780000686645508,19.920000076293945,42700.0,19.920000076293945
2020-09-28,20.010000228881836,19.790000915527344,19.889999389648438,19.93000030517578,22500.0,19.93000030517578
2020-09-29,19.809999465942383,19.6299991607666,19.809999465942383,19.709999084472656,53700.0,19.709999084472656
2020-09-30,19.934999465942383,19.65999984741211,19.65999984741211,19.90999984741211,22800.0,19.90999984741211
2020-10-01,19.868999481201172,19.625,19.868999481201172,19.739999771118164,42900.0,19.739999771118164
2020-10-02,19.760000228881836,19.54400062561035,19.56999969482422,19.559999465942383,75200.0,19.559999465942383
