Date,High,Low,Open,Close,Volume,Adj Close
2018-01-02,21.950000762939453,20.860000610351562,21.950000762939453,20.860000610351562,2300.0,19.43122673034668
2018-01-03,21.5,21.0,21.469999313354492,21.5,2400.0,20.027395248413086
2018-01-04,21.5,21.5,21.5,21.5,0.0,20.027395248413086
2018-01-05,21.530000686645508,21.520000457763672,21.520000457763672,21.520000457763672,1100.0,20.046022415161133
2018-01-08,21.540000915527344,21.5,21.5,21.5,7000.0,20.027395248413086
2018-01-09,21.5,21.5,21.5,21.5,600.0,20.027395248413086
2018-01-10,21.0,21.0,21.0,21.0,300.0,19.5616397857666
2018-01-11,21.84000015258789,21.84000015258789,21.84000015258789,21.84000015258789,100.0,20.34410285949707
2018-01-12,21.649999618530273,21.260000228881836,21.649999618530273,21.260000228881836,400.0,19.803834915161133
2018-01-16,21.479999542236328,21.389999389648438,21.389999389648438,21.479999542236328,500.0,20.008760452270508
2018-01-17,21.5,21.450000762939453,21.5,21.5,3400.0,20.027395248413086
2018-01-18,21.75,21.549999237060547,21.549999237060547,21.68000030517578,1300.0,20.195064544677734
2018-01-19,21.739999771118164,21.739999771118164,21.739999771118164,21.739999771118164,100.0,20.250951766967773
2018-01-22,21.739999771118164,21.739999771118164,21.739999771118164,21.739999771118164,0.0,20.250951766967773
2018-01-23,21.739999771118164,21.739999771118164,21.739999771118164,21.739999771118164,0.0,20.250951766967773
2018-01-24,21.739999771118164,21.739999771118164,21.739999771118164,21.739999771118164,0.0,20.250951766967773
2018-01-25,21.700000762939453,21.700000762939453,21.700000762939453,21.700000762939453,200.0,20.213695526123047
2018-01-26,21.639999389648438,21.600000381469727,21.600000381469727,21.639999389648438,800.0,20.157800674438477
2018-01-29,21.600000381469727,21.600000381469727,21.600000381469727,21.600000381469727,800.0,20.120540618896484
2018-01-30,21.610000610351562,21.600000381469727,21.600000381469727,21.600000381469727,8300.0,20.120540618896484
2018-01-31,21.75,21.75,21.75,21.75,400.0,20.260269165039062
2018-02-01,21.979999542236328,21.75,21.75,21.979999542236328,6200.0,20.474515914916992
2018-02-02,21.75,21.209999084472656,21.209999084472656,21.5,6700.0,20.027395248413086
2018-02-05,22.0,21.989999771118164,21.989999771118164,22.0,1100.0,20.493144989013672
2018-02-06,21.889999389648438,21.350000381469727,21.889999389648438,21.360000610351562,600.0,19.896982192993164
2018-02-07,21.639999389648438,21.350000381469727,21.489999771118164,21.639999389648438,600.0,20.157800674438477
2018-02-08,21.479999542236328,21.3700008392334,21.3700008392334,21.3799991607666,2800.0,19.915613174438477
2018-02-09,21.3799991607666,21.3799991607666,21.3799991607666,21.3799991607666,400.0,19.915613174438477
2018-02-12,21.3799991607666,21.350000381469727,21.3799991607666,21.3799991607666,2100.0,19.915613174438477
2018-02-13,22.0,21.3700008392334,21.3700008392334,22.0,1700.0,20.493144989013672
2018-02-14,21.469999313354492,21.469999313354492,21.469999313354492,21.469999313354492,300.0,19.999441146850586
2018-02-15,21.469999313354492,21.469999313354492,21.469999313354492,21.469999313354492,0.0,19.999441146850586
2018-02-16,21.469999313354492,21.469999313354492,21.469999313354492,21.469999313354492,0.0,19.999441146850586
2018-02-20,21.43000030517578,21.43000030517578,21.43000030517578,21.43000030517578,100.0,19.962186813354492
2018-02-21,21.43000030517578,21.43000030517578,21.43000030517578,21.43000030517578,0.0,19.962186813354492
2018-02-22,21.170000076293945,21.100000381469727,21.100000381469727,21.170000076293945,1600.0,19.719995498657227
2018-02-23,21.170000076293945,21.170000076293945,21.170000076293945,21.170000076293945,0.0,19.719995498657227
2018-02-26,21.260000228881836,21.049999237060547,21.25,21.260000228881836,2000.0,19.803834915161133
2018-02-27,21.260000228881836,21.1200008392334,21.1200008392334,21.260000228881836,400.0,19.803834915161133
2018-02-28,21.75,21.40999984741211,21.40999984741211,21.75,800.0,20.260269165039062
2018-03-01,21.25,21.100000381469727,21.25,21.100000381469727,5900.0,19.6547908782959
2018-03-02,21.100000381469727,21.100000381469727,21.100000381469727,21.100000381469727,0.0,19.6547908782959
2018-03-05,21.75,21.100000381469727,21.100000381469727,21.75,400.0,20.260269165039062
2018-03-06,21.719999313354492,21.700000762939453,21.719999313354492,21.700000762939453,2400.0,20.213695526123047
2018-03-07,21.75,21.399999618530273,21.709999084472656,21.399999618530273,1200.0,19.934242248535156
2018-03-08,21.399999618530273,21.399999618530273,21.399999618530273,21.399999618530273,0.0,20.04665184020996
2018-03-09,21.31999969482422,21.1200008392334,21.149999618530273,21.149999618530273,2000.0,19.81245994567871
2018-03-12,21.149999618530273,21.139999389648438,21.149999618530273,21.149999618530273,2600.0,19.81245994567871
2018-03-13,21.200000762939453,21.100000381469727,21.200000762939453,21.100000381469727,4000.0,19.765625
2018-03-14,21.100000381469727,21.100000381469727,21.100000381469727,21.100000381469727,0.0,19.765625
2018-03-15,21.200000762939453,21.049999237060547,21.09000015258789,21.200000762939453,2000.0,19.85930061340332
2018-03-16,21.75,21.229999542236328,21.399999618530273,21.75,3000.0,20.3745174407959
2018-03-19,21.75,21.75,21.75,21.75,0.0,20.3745174407959
2018-03-20,21.350000381469727,21.1200008392334,21.1200008392334,21.350000381469727,1200.0,19.999813079833984
2018-03-21,21.350000381469727,21.350000381469727,21.350000381469727,21.350000381469727,0.0,19.999813079833984
2018-03-22,21.25,21.100000381469727,21.15999984741211,21.149999618530273,27200.0,19.81245994567871
2018-03-23,21.100000381469727,21.049999237060547,21.059999465942383,21.100000381469727,8100.0,19.765625
2018-03-26,21.0,20.899999618530273,21.0,20.93000030517578,14200.0,19.60637664794922
2018-03-27,20.899999618530273,20.899999618530273,20.899999618530273,20.899999618530273,500.0,19.578269958496094
2018-03-28,21.190000534057617,21.190000534057617,21.190000534057617,21.190000534057617,200.0,19.84993553161621
2018-03-29,21.020000457763672,21.020000457763672,21.020000457763672,21.020000457763672,2500.0,19.69068717956543
2018-04-02,21.469999313354492,20.959999084472656,21.0,21.299999237060547,19200.0,19.952974319458008
2018-04-03,21.719999313354492,20.950000762939453,20.989999771118164,20.950000762939453,1500.0,19.625110626220703
2018-04-04,20.950000762939453,20.950000762939453,20.950000762939453,20.950000762939453,0.0,19.625110626220703
2018-04-05,21.040000915527344,20.940000534057617,21.040000915527344,20.950000762939453,3700.0,19.625110626220703
2018-04-06,20.969999313354492,20.950000762939453,20.950000762939453,20.950000762939453,1200.0,19.625110626220703
2018-04-09,21.06999969482422,21.06999969482422,21.06999969482422,21.06999969482422,200.0,19.73752212524414
2018-04-10,21.09000015258789,20.950000762939453,20.950000762939453,21.09000015258789,200.0,19.756258010864258
2018-04-11,20.950000762939453,20.950000762939453,20.950000762939453,20.950000762939453,300.0,19.625110626220703
2018-04-12,21.309999465942383,21.309999465942383,21.309999465942383,21.309999465942383,300.0,19.962343215942383
2018-04-13,21.309999465942383,21.309999465942383,21.309999465942383,21.309999465942383,0.0,19.962343215942383
2018-04-16,21.309999465942383,21.309999465942383,21.309999465942383,21.309999465942383,0.0,19.962343215942383
2018-04-17,21.049999237060547,21.049999237060547,21.049999237060547,21.049999237060547,4500.0,19.718788146972656
2018-04-18,21.0,21.0,21.0,21.0,400.0,19.671951293945312
2018-04-19,21.049999237060547,21.049999237060547,21.049999237060547,21.049999237060547,600.0,19.718788146972656
2018-04-20,21.049999237060547,21.049999237060547,21.049999237060547,21.049999237060547,0.0,19.718788146972656
2018-04-23,21.059999465942383,21.059999465942383,21.059999465942383,21.059999465942383,300.0,19.7281551361084
2018-04-24,21.5,21.049999237060547,21.049999237060547,21.469999313354492,3000.0,20.112224578857422
2018-04-25,21.489999771118164,21.489999771118164,21.489999771118164,21.489999771118164,700.0,20.13096046447754
2018-04-26,21.489999771118164,21.489999771118164,21.489999771118164,21.489999771118164,0.0,20.13096046447754
2018-04-27,21.25,21.25,21.25,21.25,200.0,19.906139373779297
2018-04-30,21.25,21.25,21.25,21.25,700.0,19.906139373779297
2018-05-01,21.489999771118164,21.18000030517578,21.18000030517578,21.489999771118164,400.0,20.13096046447754
2018-05-02,21.299999237060547,21.200000762939453,21.299999237060547,21.200000762939453,5500.0,19.85930061340332
2018-05-03,21.229999542236328,21.100000381469727,21.100000381469727,21.229999542236328,700.0,19.88740348815918
2018-05-04,21.229999542236328,21.229999542236328,21.229999542236328,21.229999542236328,0.0,19.88740348815918
2018-05-07,21.299999237060547,21.139999389648438,21.139999389648438,21.299999237060547,800.0,19.952974319458008
2018-05-08,21.299999237060547,21.209999084472656,21.299999237060547,21.209999084472656,500.0,19.86866569519043
2018-05-09,21.100000381469727,21.100000381469727,21.100000381469727,21.100000381469727,2000.0,19.765625
2018-05-10,21.450000762939453,21.100000381469727,21.450000762939453,21.100000381469727,2000.0,19.765625
2018-05-11,21.100000381469727,21.100000381469727,21.100000381469727,21.100000381469727,0.0,19.765625
2018-05-14,21.100000381469727,21.100000381469727,21.100000381469727,21.100000381469727,0.0,19.765625
2018-05-15,21.15999984741211,21.100000381469727,21.100000381469727,21.15999984741211,1500.0,19.821828842163086
2018-05-16,21.219999313354492,20.950000762939453,21.100000381469727,20.950000762939453,2000.0,19.625110626220703
2018-05-17,20.950000762939453,20.950000762939453,20.950000762939453,20.950000762939453,0.0,19.625110626220703
2018-05-18,21.25,20.959999084472656,20.959999084472656,21.25,700.0,19.906139373779297
2018-05-21,21.100000381469727,18.989999771118164,20.940000534057617,21.100000381469727,3500.0,19.765625
2018-05-22,21.530000686645508,21.0,21.350000381469727,21.0,2400.0,19.671951293945312
2018-05-23,21.0,21.0,21.0,21.0,100.0,19.671951293945312
2018-05-24,21.25,21.0,21.0,21.25,300.0,19.906139373779297
2018-05-25,21.25,21.25,21.25,21.25,0.0,19.906139373779297
2018-05-29,21.0,19.950000762939453,21.0,20.850000381469727,5600.0,19.53143882751465
2018-05-30,21.309999465942383,20.600000381469727,20.739999771118164,20.700000762939453,4800.0,19.39092254638672
2018-05-31,20.729999542236328,20.139999389648438,20.139999389648438,20.729999542236328,1900.0,19.419023513793945
2018-06-01,20.729999542236328,20.729999542236328,20.729999542236328,20.729999542236328,0.0,19.419023513793945
2018-06-04,20.75,20.75,20.75,20.75,700.0,19.43775749206543
2018-06-05,21.469999313354492,20.860000610351562,21.450000762939453,21.469999313354492,4200.0,20.112224578857422
2018-06-06,21.649999618530273,20.760000228881836,21.40999984741211,20.760000228881836,20100.0,19.447128295898438
2018-06-07,21.530000686645508,21.200000762939453,21.200000762939453,21.530000686645508,800.0,20.168432235717773
2018-06-08,21.350000381469727,21.25,21.350000381469727,21.25,900.0,19.906139373779297
2018-06-11,21.229999542236328,20.799999237060547,21.229999542236328,20.809999465942383,300.0,19.49396514892578
2018-06-12,20.809999465942383,20.809999465942383,20.809999465942383,20.809999465942383,0.0,19.49396514892578
2018-06-13,20.809999465942383,20.809999465942383,20.809999465942383,20.809999465942383,0.0,19.49396514892578
2018-06-14,21.18000030517578,21.0,21.18000030517578,21.0,300.0,19.786046981811523
2018-06-15,21.0,21.0,21.0,21.0,0.0,19.786046981811523
2018-06-18,21.1299991607666,20.709999084472656,21.0,20.8700008392334,6400.0,19.663558959960938
2018-06-19,21.1200008392334,20.709999084472656,21.059999465942383,20.729999542236328,8200.0,19.531652450561523
2018-06-20,20.75,20.75,20.75,20.75,100.0,19.550493240356445
2018-06-21,20.950000762939453,20.850000381469727,20.950000762939453,20.850000381469727,400.0,19.644718170166016
2018-06-22,20.989999771118164,20.989999771118164,20.989999771118164,20.989999771118164,700.0,19.776622772216797
2018-06-25,20.989999771118164,20.989999771118164,20.989999771118164,20.989999771118164,0.0,19.776622772216797
2018-06-26,21.030000686645508,20.809999465942383,21.030000686645508,20.809999465942383,600.0,19.607027053833008
2018-06-27,20.809999465942383,20.809999465942383,20.809999465942383,20.809999465942383,0.0,19.607027053833008
2018-06-28,21.200000762939453,20.809999465942383,21.200000762939453,20.889999389648438,4900.0,19.682401657104492
2018-06-29,21.200000762939453,21.200000762939453,21.200000762939453,21.200000762939453,200.0,19.974483489990234
2018-07-02,21.25,21.200000762939453,21.200000762939453,21.25,1600.0,20.02159309387207
2018-07-03,21.25,21.25,21.25,21.25,0.0,20.02159309387207
2018-07-05,21.25,21.25,21.25,21.25,0.0,20.02159309387207
2018-07-06,21.260000228881836,21.260000228881836,21.260000228881836,21.260000228881836,700.0,20.031015396118164
2018-07-09,21.5,21.25,21.25,21.5,2200.0,20.257143020629883
2018-07-10,21.25,21.25,21.25,21.25,300.0,20.02159309387207
2018-07-11,21.25,21.25,21.25,21.25,0.0,20.02159309387207
2018-07-12,21.790000915527344,21.299999237060547,21.459999084472656,21.299999237060547,1000.0,20.06870460510254
2018-07-13,21.5,21.399999618530273,21.5,21.459999084472656,2100.0,20.219449996948242
2018-07-16,21.670000076293945,21.350000381469727,21.3799991607666,21.670000076293945,7100.0,20.417312622070312
2018-07-17,21.850000381469727,21.670000076293945,21.670000076293945,21.850000381469727,1500.0,20.58690643310547
2018-07-18,21.850000381469727,21.81999969482422,21.850000381469727,21.81999969482422,500.0,20.55864143371582
2018-07-19,21.34000015258789,21.34000015258789,21.34000015258789,21.34000015258789,300.0,20.10639190673828
2018-07-20,21.559999465942383,21.360000610351562,21.360000610351562,21.559999465942383,400.0,20.31367301940918
2018-07-23,22.75,21.799999237060547,21.799999237060547,22.110000610351562,5900.0,20.831878662109375
2018-07-24,22.25,22.0,22.0,22.25,8900.0,20.963781356811523
2018-07-25,22.049999237060547,22.0,22.049999237060547,22.0,5100.0,20.72823715209961
2018-07-26,22.0,22.0,22.0,22.0,200.0,20.72823715209961
2018-07-27,22.0,22.0,22.0,22.0,0.0,20.72823715209961
2018-07-30,22.0,22.0,22.0,22.0,0.0,20.72823715209961
2018-07-31,22.100000381469727,21.799999237060547,22.079999923706055,21.799999237060547,5000.0,20.539798736572266
2018-08-01,21.940000534057617,21.81999969482422,21.81999969482422,21.850000381469727,1400.0,20.58690643310547
2018-08-02,22.0,21.899999618530273,22.0,22.0,1800.0,20.72823715209961
2018-08-03,22.0,21.969999313354492,22.0,22.0,500.0,20.72823715209961
2018-08-06,22.100000381469727,22.100000381469727,22.100000381469727,22.100000381469727,800.0,20.822458267211914
2018-08-07,22.18000030517578,22.0,22.100000381469727,22.100000381469727,1900.0,20.822458267211914
2018-08-08,22.209999084472656,22.139999389648438,22.139999389648438,22.209999084472656,2900.0,20.926097869873047
2018-08-09,23.360000610351562,22.149999618530273,22.149999618530273,23.360000610351562,4600.0,22.009618759155273
2018-08-10,24.1200008392334,22.489999771118164,22.860000610351562,23.34000015258789,7100.0,21.99077606201172
2018-08-13,23.309999465942383,22.25,23.260000228881836,22.649999618530273,8100.0,21.340662002563477
2018-08-14,23.010000228881836,22.799999237060547,22.959999084472656,22.799999237060547,3100.0,21.48198890686035
2018-08-15,22.780000686645508,22.780000686645508,22.780000686645508,22.780000686645508,700.0,21.463146209716797
2018-08-16,23.079999923706055,22.690000534057617,22.81999969482422,23.079999923706055,2400.0,21.745803833007812
2018-08-17,25.829999923706055,23.079999923706055,23.450000762939453,25.799999237060547,5200.0,24.30856704711914
2018-08-20,25.229999542236328,23.100000381469727,23.969999313354492,24.030000686645508,4400.0,22.640886306762695
2018-08-21,23.760000228881836,23.760000228881836,23.760000228881836,23.760000228881836,300.0,22.386497497558594
2018-08-22,23.75,22.920000076293945,23.5,23.75,4500.0,22.3770751953125
2018-08-23,25.540000915527344,23.68000030517578,24.0,23.780000686645508,12200.0,22.40534019470215
2018-08-24,24.06999969482422,23.559999465942383,24.059999465942383,23.639999389648438,4900.0,22.27342987060547
2018-08-27,24.149999618530273,23.309999465942383,23.59000015258789,23.860000610351562,9000.0,22.480714797973633
2018-08-28,24.489999771118164,23.68000030517578,24.479999542236328,23.700000762939453,6600.0,22.329965591430664
2018-08-29,23.8799991607666,23.8799991607666,23.8799991607666,23.8799991607666,400.0,22.499557495117188
2018-08-30,24.399999618530273,23.200000762939453,23.709999084472656,23.329999923706055,5600.0,21.981353759765625
2018-08-31,23.600000381469727,22.309999465942383,23.56999969482422,22.799999237060547,2200.0,21.48198890686035
2018-09-04,23.059999465942383,22.700000762939453,22.700000762939453,23.059999465942383,1700.0,21.726959228515625
2018-09-05,23.829999923706055,23.079999923706055,23.549999237060547,23.600000381469727,4300.0,22.235746383666992
2018-09-06,23.899999618530273,23.260000228881836,23.719999313354492,23.260000228881836,5400.0,21.915401458740234
2018-09-07,23.809999465942383,23.309999465942383,23.799999237060547,23.5,900.0,22.14152717590332
2018-09-10,23.75,23.049999237060547,23.049999237060547,23.5,2100.0,22.14152717590332
2018-09-11,23.600000381469727,23.5,23.59000015258789,23.5,2100.0,22.14152717590332
2018-09-12,23.75,23.5,23.5,23.5,1000.0,22.14152717590332
2018-09-13,23.65999984741211,23.65999984741211,23.65999984741211,23.65999984741211,500.0,22.406692504882812
2018-09-14,24.5,24.0,24.0,24.040000915527344,4100.0,22.766563415527344
2018-09-17,24.600000381469727,24.0,24.190000534057617,24.100000381469727,7300.0,22.82338523864746
2018-09-18,25.239999771118164,23.899999618530273,24.690000534057617,24.100000381469727,6200.0,22.82338523864746
2018-09-19,24.75,24.100000381469727,24.75,24.100000381469727,1200.0,22.82338523864746
2018-09-20,24.110000610351562,24.100000381469727,24.100000381469727,24.100000381469727,800.0,22.82338523864746
2018-09-21,24.649999618530273,23.510000228881836,24.100000381469727,24.479999542236328,33800.0,23.183258056640625
2018-09-24,24.65999984741211,24.219999313354492,24.3700008392334,24.389999389648438,1700.0,23.098026275634766
2018-09-25,24.459999084472656,23.889999389648438,24.049999237060547,24.25,9500.0,22.96544075012207
2018-09-26,24.8700008392334,24.350000381469727,24.350000381469727,24.8700008392334,1000.0,23.552597045898438
2018-09-27,25.049999237060547,25.049999237060547,25.049999237060547,25.049999237060547,200.0,23.72306251525879
2018-09-28,25.309999465942383,25.25,25.25,25.309999465942383,800.0,23.969289779663086
2018-10-01,26.56999969482422,24.600000381469727,26.56999969482422,25.450000762939453,3500.0,24.10187339782715
2018-10-02,25.450000762939453,24.68000030517578,25.450000762939453,24.81999969482422,3300.0,23.505247116088867
2018-10-03,24.81999969482422,24.81999969482422,24.81999969482422,24.81999969482422,0.0,23.505247116088867
2018-10-04,25.0,24.25,24.81999969482422,25.0,2000.0,23.67570686340332
2018-10-05,25.0,25.0,25.0,25.0,500.0,23.67570686340332
2018-10-08,25.0,25.0,25.0,25.0,0.0,23.67570686340332
2018-10-09,24.950000762939453,24.25,24.950000762939453,24.31999969482422,1600.0,23.031734466552734
2018-10-10,25.979999542236328,24.25,25.979999542236328,24.25,600.0,22.96544075012207
2018-10-11,24.239999771118164,24.239999771118164,24.239999771118164,24.239999771118164,700.0,22.95597267150879
2018-10-12,24.40999984741211,24.25,24.40999984741211,24.3700008392334,1700.0,23.079086303710938
2018-10-15,24.3700008392334,24.25,24.25,24.25,2900.0,22.96544075012207
2018-10-16,24.950000762939453,24.25,24.489999771118164,24.25,2000.0,22.96544075012207
2018-10-17,25.0,24.25,24.25,25.0,300.0,23.67570686340332
2018-10-18,24.399999618530273,24.25,24.399999618530273,24.25,300.0,22.96544075012207
2018-10-19,24.25,24.25,24.25,24.25,100.0,22.96544075012207
2018-10-22,24.600000381469727,24.25,24.25,24.600000381469727,2800.0,23.296899795532227
2018-10-23,26.899999618530273,24.219999313354492,24.299999237060547,24.350000381469727,18800.0,23.060142517089844
2018-10-24,23.34000015258789,20.200000762939453,23.34000015258789,22.010000228881836,4300.0,20.844097137451172
2018-10-25,22.540000915527344,22.0,22.0,22.540000915527344,600.0,21.34602165222168
2018-10-26,22.540000915527344,22.540000915527344,22.540000915527344,22.540000915527344,0.0,21.34602165222168
2018-10-29,22.540000915527344,22.540000915527344,22.540000915527344,22.540000915527344,100.0,21.34602165222168
2018-10-30,22.540000915527344,22.540000915527344,22.540000915527344,22.540000915527344,100.0,21.34602165222168
2018-10-31,23.020000457763672,23.010000228881836,23.020000457763672,23.010000228881836,600.0,21.791126251220703
2018-11-01,24.700000762939453,23.350000381469727,23.350000381469727,24.200000762939453,2200.0,22.918087005615234
2018-11-02,24.700000762939453,24.399999618530273,24.459999084472656,24.43000030517578,2800.0,23.135906219482422
2018-11-05,24.1200008392334,23.100000381469727,24.1200008392334,23.100000381469727,1900.0,21.876359939575195
2018-11-06,23.549999237060547,22.200000762939453,23.06999969482422,22.200000762939453,2500.0,21.02403450012207
2018-11-07,22.799999237060547,22.09000015258789,22.799999237060547,22.1200008392334,900.0,20.948270797729492
2018-11-08,22.1200008392334,21.799999237060547,21.799999237060547,21.799999237060547,2000.0,20.645221710205078
2018-11-09,21.799999237060547,21.799999237060547,21.799999237060547,21.799999237060547,100.0,20.645221710205078
2018-11-12,22.09000015258789,21.309999465942383,22.09000015258789,21.3700008392334,1400.0,20.23800277709961
2018-11-13,21.81999969482422,21.3700008392334,21.3700008392334,21.3700008392334,700.0,20.23800277709961
2018-11-14,21.899999618530273,21.3700008392334,21.3700008392334,21.889999389648438,300.0,20.730451583862305
2018-11-15,23.0,21.899999618530273,22.93000030517578,21.899999618530273,1500.0,20.73992347717285
2018-11-16,22.139999389648438,21.899999618530273,21.899999618530273,22.139999389648438,600.0,20.96721076965332
2018-11-19,22.15999984741211,22.010000228881836,22.149999618530273,22.010000228881836,1000.0,20.844097137451172
2018-11-20,22.0,22.0,22.0,22.0,600.0,20.834627151489258
2018-11-21,22.0,22.0,22.0,22.0,0.0,20.834627151489258
2018-11-23,22.0,22.0,22.0,22.0,0.0,20.834627151489258
2018-11-26,22.0,22.0,22.0,22.0,100.0,20.834627151489258
2018-11-27,21.700000762939453,20.579999923706055,21.649999618530273,21.68000030517578,11000.0,20.531578063964844
2018-11-28,21.700000762939453,20.469999313354492,21.700000762939453,21.5,17000.0,20.361114501953125
2018-11-29,21.450000762939453,20.549999237060547,20.549999237060547,21.190000534057617,1700.0,20.067535400390625
2018-11-30,21.5,20.670000076293945,21.5,20.670000076293945,1300.0,19.5750789642334
2018-12-03,19.829999923706055,19.5,19.5,19.829999923706055,900.0,18.779577255249023
2018-12-04,19.950000762939453,19.950000762939453,19.950000762939453,19.950000762939453,400.0,18.893218994140625
2018-12-06,20.040000915527344,19.899999618530273,19.950000762939453,20.0,2700.0,18.940570831298828
2018-12-07,20.030000686645508,19.579999923706055,19.600000381469727,19.75,3700.0,18.703813552856445
2018-12-10,19.75,19.75,19.75,19.75,0.0,18.703813552856445
2018-12-11,19.489999771118164,19.299999237060547,19.489999771118164,19.450000762939453,2200.0,18.41970443725586
2018-12-12,19.510000228881836,19.010000228881836,19.299999237060547,19.420000076293945,2900.0,18.391294479370117
2018-12-13,20.059999465942383,18.700000762939453,19.600000381469727,19.020000457763672,4400.0,18.12447738647461
2018-12-14,18.600000381469727,18.600000381469727,18.600000381469727,18.600000381469727,200.0,17.72425079345703
2018-12-17,18.790000915527344,18.139999389648438,18.790000915527344,18.139999389648438,600.0,17.285907745361328
2018-12-18,19.729999542236328,18.5,18.549999237060547,19.0,2600.0,18.105419158935547
2018-12-19,19.0,19.0,19.0,19.0,100.0,18.105419158935547
2018-12-20,18.239999771118164,17.6299991607666,17.950000762939453,18.149999618530273,700.0,17.295438766479492
2018-12-21,18.149999618530273,18.149999618530273,18.149999618530273,18.149999618530273,100.0,17.295438766479492
2018-12-24,18.0,18.0,18.0,18.0,500.0,17.152502059936523
2018-12-26,18.389999389648438,17.219999313354492,18.0,17.649999618530273,3000.0,16.81898307800293
2018-12-27,18.729999542236328,17.209999084472656,18.520000457763672,17.760000228881836,5200.0,16.92380142211914
2018-12-28,19.18000030517578,18.260000228881836,18.260000228881836,18.309999465942383,700.0,17.447904586791992
2018-12-31,19.18000030517578,19.18000030517578,19.18000030517578,19.18000030517578,300.0,18.276945114135742
2019-01-02,19.540000915527344,18.260000228881836,19.18000030517578,18.260000228881836,11400.0,17.400259017944336
2019-01-03,19.18000030517578,19.18000030517578,19.18000030517578,19.18000030517578,100.0,18.276945114135742
2019-01-04,18.93000030517578,18.540000915527344,18.799999237060547,18.719999313354492,1800.0,17.838600158691406
2019-01-07,18.969999313354492,18.700000762939453,18.969999313354492,18.700000762939453,1500.0,17.81954574584961
2019-01-08,18.700000762939453,18.700000762939453,18.700000762939453,18.700000762939453,100.0,17.81954574584961
2019-01-09,18.950000762939453,18.889999389648438,18.950000762939453,18.950000762939453,1100.0,18.05777359008789
2019-01-10,18.950000762939453,18.950000762939453,18.950000762939453,18.950000762939453,100.0,18.05777359008789
2019-01-11,18.950000762939453,18.950000762939453,18.950000762939453,18.950000762939453,100.0,18.05777359008789
2019-01-14,18.989999771118164,18.6200008392334,18.6200008392334,18.790000915527344,900.0,17.905305862426758
2019-01-15,18.81999969482422,18.790000915527344,18.81999969482422,18.790000915527344,400.0,17.905305862426758
2019-01-16,19.149999618530273,19.110000610351562,19.149999618530273,19.110000610351562,200.0,18.210237503051758
2019-01-17,18.549999237060547,18.549999237060547,18.549999237060547,18.549999237060547,500.0,17.676605224609375
2019-01-18,18.549999237060547,18.549999237060547,18.549999237060547,18.549999237060547,700.0,17.676605224609375
2019-01-22,18.75,18.75,18.75,18.75,100.0,17.867189407348633
2019-01-23,19.700000762939453,18.8799991607666,19.700000762939453,19.1299991607666,2200.0,18.229297637939453
2019-01-24,23.309999465942383,19.0,21.899999618530273,19.200000762939453,9700.0,18.296003341674805
2019-01-25,19.610000610351562,19.399999618530273,19.610000610351562,19.399999618530273,400.0,18.48658561706543
2019-01-28,19.799999237060547,18.700000762939453,18.700000762939453,19.700000762939453,3400.0,18.772462844848633
2019-01-29,19.84000015258789,18.75,19.700000762939453,18.75,2700.0,17.867189407348633
2019-01-30,18.75,18.75,18.75,18.75,100.0,17.867189407348633
2019-01-31,18.75,18.75,18.75,18.75,0.0,17.867189407348633
2019-02-01,18.75,18.75,18.75,18.75,100.0,17.867189407348633
2019-02-04,18.75,18.75,18.75,18.75,0.0,17.867189407348633
2019-02-05,19.899999618530273,19.06999969482422,19.06999969482422,19.399999618530273,700.0,18.48658561706543
2019-02-06,19.399999618530273,19.399999618530273,19.399999618530273,19.399999618530273,100.0,18.48658561706543
2019-02-07,20.110000610351562,19.700000762939453,19.899999618530273,19.700000762939453,1700.0,18.772462844848633
2019-02-08,22.700000762939453,20.5,21.0,21.75,1700.0,20.72593879699707
2019-02-11,22.0,21.399999618530273,22.0,21.59000015258789,1900.0,20.57347297668457
2019-02-12,20.860000610351562,19.84000015258789,20.579999923706055,20.809999465942383,3500.0,19.830198287963867
2019-02-13,21.950000762939453,20.809999465942383,20.809999465942383,21.950000762939453,1200.0,20.916526794433594
2019-02-14,22.1299991607666,21.559999465942383,22.0,21.559999465942383,2300.0,20.544885635375977
2019-02-15,22.1299991607666,21.719999313354492,21.719999313354492,22.049999237060547,10400.0,21.01181411743164
2019-02-19,22.079999923706055,22.079999923706055,22.079999923706055,22.079999923706055,200.0,21.0404052734375
2019-02-20,22.1299991607666,21.690000534057617,22.049999237060547,21.690000534057617,1200.0,20.668764114379883
2019-02-21,21.56999969482422,21.020000457763672,21.5,21.020000457763672,1700.0,20.030311584472656
2019-02-22,21.020000457763672,21.020000457763672,21.020000457763672,21.020000457763672,100.0,20.030311584472656
2019-02-25,21.729999542236328,21.420000076293945,21.420000076293945,21.729999542236328,2200.0,20.706878662109375
2019-02-26,21.950000762939453,21.010000228881836,21.600000381469727,21.010000228881836,8500.0,20.020782470703125
2019-02-27,21.510000228881836,21.510000228881836,21.510000228881836,21.510000228881836,400.0,20.497238159179688
2019-02-28,21.510000228881836,21.510000228881836,21.510000228881836,21.510000228881836,200.0,20.497238159179688
2019-03-01,21.559999465942383,21.549999237060547,21.559999465942383,21.549999237060547,1400.0,20.535354614257812
2019-03-04,21.549999237060547,21.549999237060547,21.549999237060547,21.549999237060547,100.0,20.535354614257812
2019-03-05,21.600000381469727,21.549999237060547,21.549999237060547,21.549999237060547,2100.0,20.535354614257812
2019-03-06,21.549999237060547,21.549999237060547,21.549999237060547,21.549999237060547,300.0,20.535354614257812
2019-03-07,21.549999237060547,21.549999237060547,21.549999237060547,21.549999237060547,100.0,20.535354614257812
2019-03-08,21.549999237060547,21.549999237060547,21.549999237060547,21.549999237060547,300.0,20.535354614257812
2019-03-11,21.549999237060547,21.549999237060547,21.549999237060547,21.549999237060547,100.0,20.535354614257812
2019-03-12,21.770000457763672,21.549999237060547,21.549999237060547,21.770000457763672,800.0,20.744997024536133
2019-03-13,21.6299991607666,21.549999237060547,21.6299991607666,21.549999237060547,800.0,20.535354614257812
2019-03-14,21.549999237060547,21.549999237060547,21.549999237060547,21.549999237060547,200.0,20.650344848632812
2019-03-15,21.950000762939453,21.75,21.75,21.950000762939453,3300.0,21.033649444580078
2019-03-18,22.0,22.0,22.0,22.0,800.0,21.081560134887695
2019-03-19,21.670000076293945,21.600000381469727,21.610000610351562,21.600000381469727,1500.0,20.698259353637695
2019-03-20,21.600000381469727,21.600000381469727,21.600000381469727,21.600000381469727,400.0,20.698259353637695
2019-03-21,21.610000610351562,21.549999237060547,21.610000610351562,21.549999237060547,2600.0,20.650344848632812
2019-03-22,21.610000610351562,21.549999237060547,21.610000610351562,21.549999237060547,800.0,20.650344848632812
2019-03-25,21.549999237060547,21.549999237060547,21.549999237060547,21.549999237060547,1700.0,20.650344848632812
2019-03-26,20.260000228881836,20.260000228881836,20.260000228881836,20.260000228881836,100.0,19.41419792175293
2019-03-27,21.0,20.25,21.0,20.25,25400.0,19.40461540222168
2019-03-28,20.25,20.25,20.25,20.25,200.0,19.40461540222168
2019-03-29,20.969999313354492,19.31999969482422,19.31999969482422,20.6200008392334,15200.0,19.759170532226562
2019-04-01,20.510000228881836,20.459999084472656,20.459999084472656,20.510000228881836,6500.0,19.653762817382812
2019-04-02,21.729999542236328,19.68000030517578,21.729999542236328,21.420000076293945,1100.0,20.525772094726562
2019-04-03,21.610000610351562,21.229999542236328,21.479999542236328,21.290000915527344,13900.0,20.401199340820312
2019-04-04,21.309999465942383,21.309999465942383,21.309999465942383,21.309999465942383,200.0,20.420364379882812
2019-04-05,21.309999465942383,21.309999465942383,21.309999465942383,21.309999465942383,0.0,20.420364379882812
2019-04-08,21.309999465942383,21.309999465942383,21.309999465942383,21.309999465942383,100.0,20.420364379882812
2019-04-09,21.309999465942383,21.309999465942383,21.309999465942383,21.309999465942383,100.0,20.420364379882812
2019-04-10,21.530000686645508,20.829999923706055,21.0,21.040000915527344,2600.0,20.161640167236328
2019-04-11,21.600000381469727,21.030000686645508,21.260000228881836,21.280000686645508,1300.0,20.391620635986328
2019-04-12,21.399999618530273,21.0,21.100000381469727,21.309999465942383,2100.0,20.420364379882812
2019-04-15,21.309999465942383,21.309999465942383,21.309999465942383,21.309999465942383,100.0,20.420364379882812
2019-04-16,21.75,21.75,21.75,21.75,200.0,20.841997146606445
2019-04-17,21.75,21.75,21.75,21.75,200.0,20.841997146606445
2019-04-18,21.0,21.0,21.0,21.0,200.0,20.123308181762695
2019-04-22,21.0,21.0,21.0,21.0,100.0,20.123308181762695
2019-04-23,21.09000015258789,21.09000015258789,21.09000015258789,21.09000015258789,400.0,20.209548950195312
2019-04-24,21.260000228881836,21.25,21.25,21.260000228881836,3000.0,20.372455596923828
2019-04-25,21.260000228881836,21.260000228881836,21.260000228881836,21.260000228881836,100.0,20.372455596923828
2019-04-26,21.260000228881836,21.260000228881836,21.260000228881836,21.260000228881836,100.0,20.372455596923828
2019-04-29,21.260000228881836,21.260000228881836,21.260000228881836,21.260000228881836,0.0,20.372455596923828
2019-04-30,21.75,21.479999542236328,21.75,21.479999542236328,800.0,20.58326530456543
2019-05-01,21.479999542236328,21.479999542236328,21.479999542236328,21.479999542236328,0.0,20.58326530456543
2019-05-02,21.479999542236328,21.479999542236328,21.479999542236328,21.479999542236328,0.0,20.58326530456543
2019-05-03,21.8799991607666,21.75,21.8799991607666,21.790000915527344,700.0,20.880327224731445
2019-05-06,21.8799991607666,21.479999542236328,21.8799991607666,21.479999542236328,600.0,20.58326530456543
2019-05-07,21.5,21.5,21.5,21.5,300.0,20.602436065673828
2019-05-08,21.5,21.5,21.5,21.5,0.0,20.602436065673828
2019-05-09,21.670000076293945,21.670000076293945,21.670000076293945,21.670000076293945,100.0,20.765336990356445
2019-05-10,21.670000076293945,21.670000076293945,21.670000076293945,21.670000076293945,0.0,20.765336990356445
2019-05-13,21.709999084472656,21.610000610351562,21.610000610351562,21.709999084472656,700.0,20.803667068481445
2019-05-14,21.8799991607666,21.709999084472656,21.799999237060547,21.8799991607666,600.0,20.966567993164062
2019-05-15,21.600000381469727,21.600000381469727,21.600000381469727,21.600000381469727,100.0,20.698259353637695
2019-05-16,21.600000381469727,21.600000381469727,21.600000381469727,21.600000381469727,100.0,20.698259353637695
2019-05-17,21.600000381469727,21.600000381469727,21.600000381469727,21.600000381469727,0.0,20.698259353637695
2019-05-20,21.139999389648438,21.139999389648438,21.139999389648438,21.139999389648438,300.0,20.257463455200195
2019-05-21,21.15999984741211,21.15999984741211,21.15999984741211,21.15999984741211,200.0,20.276626586914062
2019-05-22,21.290000915527344,21.15999984741211,21.18000030517578,21.25,1600.0,20.362871170043945
2019-05-23,21.850000381469727,21.0,21.59000015258789,21.68000030517578,2500.0,20.774919509887695
2019-05-24,21.25,21.25,21.25,21.25,700.0,20.362871170043945
2019-05-28,21.43000030517578,21.170000076293945,21.170000076293945,21.18000030517578,700.0,20.295793533325195
2019-05-29,21.68000030517578,21.010000228881836,21.600000381469727,21.010000228881836,3900.0,20.132890701293945
2019-05-30,21.010000228881836,21.0,21.0,21.010000228881836,400.0,20.132890701293945
2019-05-31,21.579999923706055,21.049999237060547,21.350000381469727,21.049999237060547,15300.0,20.171218872070312
2019-06-03,21.350000381469727,21.350000381469727,21.350000381469727,21.350000381469727,100.0,20.458694458007812
2019-06-04,21.459999084472656,21.3700008392334,21.399999618530273,21.459999084472656,13100.0,20.564102172851562
2019-06-05,21.68000030517578,21.010000228881836,21.670000076293945,21.520000457763672,1700.0,20.621599197387695
2019-06-06,21.479999542236328,20.5,21.479999542236328,20.530000686645508,2300.0,19.672929763793945
2019-06-07,21.479999542236328,20.5,20.510000228881836,21.0,6800.0,20.123308181762695
2019-06-10,21.0,21.0,21.0,21.0,200.0,20.123308181762695
2019-06-11,21.010000228881836,20.780000686645508,20.780000686645508,21.010000228881836,500.0,20.132890701293945
2019-06-12,20.799999237060547,20.799999237060547,20.799999237060547,20.799999237060547,100.0,19.931657791137695
2019-06-13,20.959999084472656,20.700000762939453,20.799999237060547,20.799999237060547,1700.0,20.04731559753418
2019-06-14,20.290000915527344,20.290000915527344,20.290000915527344,20.290000915527344,100.0,19.555770874023438
2019-06-17,21.0,21.0,21.0,21.0,1100.0,20.24007797241211
2019-06-18,21.020000457763672,21.0,21.0,21.0,800.0,20.24007797241211
2019-06-19,21.200000762939453,21.0,21.0,21.200000762939453,400.0,20.43284034729004
2019-06-20,21.190000534057617,21.1299991607666,21.1299991607666,21.190000534057617,1000.0,20.423202514648438
2019-06-21,21.040000915527344,20.559999465942383,20.559999465942383,21.040000915527344,1300.0,20.27863311767578
2019-06-24,21.040000915527344,21.040000915527344,21.040000915527344,21.040000915527344,0.0,20.27863311767578
2019-06-25,21.110000610351562,21.030000686645508,21.110000610351562,21.030000686645508,1100.0,20.26898956298828
2019-06-26,21.010000228881836,21.010000228881836,21.010000228881836,21.010000228881836,400.0,20.24971580505371
2019-06-27,21.010000228881836,20.81999969482422,21.010000228881836,20.81999969482422,5100.0,20.066591262817383
2019-06-28,21.309999465942383,21.0,21.0,21.309999465942383,5100.0,20.53885841369629
2019-07-01,21.68000030517578,21.040000915527344,21.68000030517578,21.209999084472656,2800.0,20.442476272583008
2019-07-02,21.5,21.489999771118164,21.489999771118164,21.5,1100.0,20.721986770629883
2019-07-03,21.75,21.1200008392334,21.75,21.1200008392334,500.0,20.355735778808594
2019-07-05,21.1200008392334,21.1200008392334,21.1200008392334,21.1200008392334,0.0,20.355735778808594
2019-07-08,21.239999771118164,21.239999771118164,21.239999771118164,21.239999771118164,400.0,20.471393585205078
2019-07-09,21.5,21.18000030517578,21.459999084472656,21.239999771118164,1800.0,20.471393585205078
2019-07-10,21.450000762939453,21.239999771118164,21.239999771118164,21.260000228881836,800.0,20.490671157836914
2019-07-11,21.549999237060547,21.030000686645508,21.030000686645508,21.549999237060547,3300.0,20.770174026489258
2019-07-12,21.06999969482422,21.06999969482422,21.06999969482422,21.06999969482422,700.0,20.30754280090332
2019-07-15,21.459999084472656,21.040000915527344,21.3799991607666,21.459999084472656,1700.0,20.683429718017578
2019-07-16,21.209999084472656,20.5,20.6299991607666,20.8799991607666,3700.0,20.124420166015625
2019-07-17,20.8799991607666,20.8799991607666,20.8799991607666,20.8799991607666,200.0,20.124420166015625
2019-07-18,21.25,21.200000762939453,21.25,21.229999542236328,1000.0,20.461753845214844
2019-07-19,21.25,20.6299991607666,21.139999389648438,21.0,2200.0,20.24007797241211
2019-07-22,21.0,20.5,20.5,20.5,2800.0,19.758169174194336
2019-07-23,20.5,20.5,20.5,20.5,100.0,19.758169174194336
2019-07-24,20.59000015258789,20.59000015258789,20.59000015258789,20.59000015258789,200.0,19.84491539001465
2019-07-25,20.59000015258789,20.59000015258789,20.59000015258789,20.59000015258789,800.0,19.84491539001465
2019-07-26,20.59000015258789,20.59000015258789,20.59000015258789,20.59000015258789,100.0,19.84491539001465
2019-07-29,21.420000076293945,20.5,21.420000076293945,20.5,2500.0,19.758169174194336
2019-07-30,21.40999984741211,20.5,20.600000381469727,21.40999984741211,2200.0,20.63524055480957
2019-07-31,20.959999084472656,20.559999465942383,20.959999084472656,20.559999465942383,2900.0,19.815998077392578
2019-08-01,21.399999618530273,20.649999618530273,20.649999618530273,20.75,1800.0,19.999122619628906
2019-08-02,21.0,20.950000762939453,20.950000762939453,20.989999771118164,1100.0,20.230438232421875
2019-08-05,20.600000381469727,20.450000762939453,20.450000762939453,20.600000381469727,1200.0,19.854551315307617
2019-08-06,20.670000076293945,20.670000076293945,20.670000076293945,20.670000076293945,100.0,19.922019958496094
2019-08-07,21.110000610351562,20.610000610351562,20.610000610351562,21.110000610351562,500.0,20.346097946166992
2019-08-08,20.649999618530273,20.649999618530273,20.649999618530273,20.649999618530273,600.0,19.902742385864258
2019-08-09,20.6200008392334,18.59000015258789,20.15999984741211,20.450000762939453,9200.0,19.709980010986328
2019-08-12,20.75,20.450000762939453,20.75,20.450000762939453,400.0,19.709980010986328
2019-08-13,20.75,20.450000762939453,20.75,20.450000762939453,100.0,19.709980010986328
2019-08-14,20.809999465942383,20.219999313354492,20.809999465942383,20.489999771118164,2800.0,19.748533248901367
2019-08-15,21.219999313354492,20.610000610351562,20.790000915527344,21.219999313354492,8200.0,20.452117919921875
2019-08-16,20.700000762939453,20.600000381469727,20.600000381469727,20.700000762939453,500.0,19.9509334564209
2019-08-19,20.90999984741211,20.600000381469727,20.700000762939453,20.850000381469727,6600.0,20.095508575439453
2019-08-20,20.84000015258789,20.809999465942383,20.809999465942383,20.84000015258789,500.0,20.085866928100586
2019-08-21,20.899999618530273,20.799999237060547,20.899999618530273,20.799999237060547,400.0,20.04731559753418
2019-08-22,20.760000228881836,20.760000228881836,20.760000228881836,20.760000228881836,400.0,20.00876235961914
2019-08-23,20.760000228881836,20.6200008392334,20.709999084472656,20.6200008392334,2400.0,19.87382698059082
2019-08-26,20.56999969482422,20.559999465942383,20.559999465942383,20.559999465942383,500.0,19.815998077392578
2019-08-27,20.559999465942383,20.559999465942383,20.559999465942383,20.559999465942383,0.0,19.815998077392578
2019-08-28,20.600000381469727,20.540000915527344,20.559999465942383,20.600000381469727,7100.0,19.854551315307617
2019-08-29,20.600000381469727,20.600000381469727,20.600000381469727,20.600000381469727,2300.0,19.854551315307617
2019-08-30,20.65999984741211,20.600000381469727,20.65999984741211,20.600000381469727,4000.0,19.854551315307617
2019-09-03,20.75,20.649999618530273,20.649999618530273,20.649999618530273,5200.0,19.902742385864258
2019-09-04,20.700000762939453,20.649999618530273,20.649999618530273,20.649999618530273,1200.0,19.902742385864258
2019-09-05,20.649999618530273,20.649999618530273,20.649999618530273,20.649999618530273,0.0,19.902742385864258
2019-09-06,20.649999618530273,20.649999618530273,20.649999618530273,20.649999618530273,0.0,19.902742385864258
2019-09-09,20.649999618530273,20.649999618530273,20.649999618530273,20.649999618530273,0.0,19.902742385864258
2019-09-10,21.170000076293945,20.010000228881836,20.68000030517578,20.299999237060547,9000.0,19.565406799316406
2019-09-11,20.510000228881836,20.049999237060547,20.049999237060547,20.510000228881836,15000.0,19.76780891418457
2019-09-12,20.459999084472656,20.190000534057617,20.40999984741211,20.40999984741211,9300.0,19.78719711303711
2019-09-13,20.84000015258789,19.760000228881836,20.399999618530273,19.760000228881836,18000.0,19.157032012939453
2019-09-16,20.0,19.219999313354492,20.0,19.75,13100.0,19.147336959838867
2019-09-17,19.690000534057617,19.229999542236328,19.229999542236328,19.489999771118164,2500.0,18.89527130126953
2019-09-18,19.790000915527344,19.25,19.280000686645508,19.600000381469727,10400.0,19.001916885375977
2019-09-19,19.989999771118164,19.270000457763672,19.989999771118164,19.530000686645508,6000.0,18.934051513671875
2019-09-20,20.0,19.700000762939453,19.940000534057617,20.0,9400.0,19.38970947265625
2019-09-23,19.75,19.389999389648438,19.75,19.649999618530273,6400.0,19.050390243530273
2019-09-24,19.93000030517578,19.350000381469727,19.93000030517578,19.350000381469727,1200.0,18.759546279907227
2019-09-25,19.75,19.600000381469727,19.75,19.75,5600.0,19.147336959838867
2019-09-26,19.760000228881836,19.739999771118164,19.760000228881836,19.739999771118164,600.0,19.13764190673828
2019-09-27,19.700000762939453,19.5,19.700000762939453,19.5,500.0,18.904966354370117
2019-09-30,19.75,19.75,19.75,19.75,900.0,19.147336959838867
2019-10-01,20.0,19.860000610351562,19.860000610351562,20.0,3100.0,19.38970947265625
2019-10-02,19.530000686645508,19.43000030517578,19.479999542236328,19.43000030517578,1100.0,18.83710289001465
2019-10-03,19.31999969482422,19.0,19.31999969482422,19.0,14200.0,18.420225143432617
2019-10-04,19.799999237060547,19.030000686645508,19.5,19.030000686645508,2400.0,18.449310302734375
2019-10-07,19.299999237060547,19.299999237060547,19.299999237060547,19.299999237060547,200.0,18.711069107055664
2019-10-08,19.299999237060547,19.299999237060547,19.299999237060547,19.299999237060547,100.0,18.711069107055664
2019-10-09,19.0,19.0,19.0,19.0,200.0,18.420225143432617
2019-10-10,19.0,19.0,19.0,19.0,100.0,18.420225143432617
2019-10-11,19.950000762939453,19.110000610351562,19.950000762939453,19.1299991607666,1700.0,18.546255111694336
2019-10-14,19.1299991607666,19.1299991607666,19.1299991607666,19.1299991607666,100.0,18.546255111694336
2019-10-15,19.389999389648438,19.100000381469727,19.100000381469727,19.290000915527344,700.0,18.70137596130371
2019-10-16,19.3799991607666,19.049999237060547,19.049999237060547,19.3799991607666,1500.0,18.788625717163086
2019-10-17,19.3799991607666,19.3799991607666,19.3799991607666,19.3799991607666,400.0,18.788625717163086
2019-10-18,19.3799991607666,19.3799991607666,19.3799991607666,19.3799991607666,0.0,18.788625717163086
2019-10-21,20.25,19.149999618530273,19.149999618530273,20.010000228881836,26800.0,19.399404525756836
2019-10-22,20.010000228881836,20.010000228881836,20.010000228881836,20.010000228881836,100.0,19.399404525756836
2019-10-23,20.18000030517578,20.0,20.0,20.139999389648438,7200.0,19.525436401367188
2019-10-24,20.049999237060547,20.049999237060547,20.049999237060547,20.049999237060547,400.0,19.438182830810547
2019-10-25,20.139999389648438,20.06999969482422,20.1299991607666,20.139999389648438,600.0,19.525436401367188
2019-10-28,20.18000030517578,20.1200008392334,20.18000030517578,20.1200008392334,1100.0,19.50604820251465
2019-10-29,20.139999389648438,20.100000381469727,20.139999389648438,20.100000381469727,1100.0,19.486658096313477
2019-10-30,20.1200008392334,20.049999237060547,20.1200008392334,20.049999237060547,1500.0,19.438182830810547
2019-10-31,20.020000457763672,20.020000457763672,20.020000457763672,20.020000457763672,200.0,19.409099578857422
2019-11-01,19.93000030517578,19.760000228881836,19.93000030517578,19.809999465942383,1600.0,19.205507278442383
2019-11-04,19.809999465942383,19.809999465942383,19.809999465942383,19.809999465942383,100.0,19.205507278442383
2019-11-05,19.81999969482422,19.81999969482422,19.81999969482422,19.81999969482422,500.0,19.215200424194336
2019-11-06,19.81999969482422,19.81999969482422,19.81999969482422,19.81999969482422,100.0,19.215200424194336
2019-11-07,20.0,19.81999969482422,19.81999969482422,20.0,1800.0,19.38970947265625
2019-11-08,20.0,20.0,20.0,20.0,100.0,19.38970947265625
2019-11-11,19.81999969482422,19.81999969482422,19.81999969482422,19.81999969482422,300.0,19.215200424194336
2019-11-12,20.0,19.850000381469727,19.850000381469727,20.0,1400.0,19.38970947265625
2019-11-13,20.1200008392334,19.610000610351562,19.610000610351562,20.049999237060547,6300.0,19.438182830810547
2019-11-14,20.049999237060547,20.049999237060547,20.049999237060547,20.049999237060547,0.0,19.438182830810547
2019-11-15,19.899999618530273,19.8700008392334,19.8700008392334,19.899999618530273,400.0,19.292760848999023
2019-11-18,20.0,19.809999465942383,19.959999084472656,20.0,4200.0,19.38970947265625
2019-11-19,20.0,20.0,20.0,20.0,100.0,19.38970947265625
2019-11-20,20.5,19.760000228881836,20.170000076293945,19.760000228881836,3000.0,19.157032012939453
2019-11-21,19.760000228881836,19.760000228881836,19.760000228881836,19.760000228881836,400.0,19.157032012939453
2019-11-22,20.3700008392334,20.25,20.329999923706055,20.25,400.0,19.632080078125
2019-11-25,20.360000610351562,20.360000610351562,20.360000610351562,20.360000610351562,800.0,19.738723754882812
2019-11-26,20.360000610351562,20.360000610351562,20.360000610351562,20.360000610351562,100.0,19.738723754882812
2019-11-27,20.5,20.31999969482422,20.31999969482422,20.5,1800.0,19.874454498291016
2019-11-29,20.5,20.5,20.5,20.5,0.0,19.874454498291016
2019-12-02,20.5,20.5,20.5,20.5,100.0,19.874454498291016
2019-12-03,20.5,20.5,20.5,20.5,0.0,19.874454498291016
2019-12-04,20.1200008392334,20.1200008392334,20.1200008392334,20.1200008392334,300.0,19.50604820251465
2019-12-05,20.649999618530273,20.649999618530273,20.649999618530273,20.649999618530273,400.0,20.019872665405273
2019-12-06,20.610000610351562,20.610000610351562,20.610000610351562,20.610000610351562,500.0,19.981096267700195
2019-12-09,20.639999389648438,20.139999389648438,20.639999389648438,20.399999618530273,1200.0,19.777503967285156
2019-12-10,20.889999389648438,20.559999465942383,20.559999465942383,20.56999969482422,2000.0,19.94231605529785
2019-12-11,20.5,20.149999618530273,20.18000030517578,20.459999084472656,3100.0,19.83567237854004
2019-12-12,21.0,20.1200008392334,20.229999542236328,21.0,2300.0,20.484344482421875
2019-12-13,20.700000762939453,20.06999969482422,20.06999969482422,20.700000762939453,1800.0,20.19171142578125
2019-12-16,20.950000762939453,20.700000762939453,20.799999237060547,20.950000762939453,1500.0,20.435571670532227
2019-12-17,20.360000610351562,20.34000015258789,20.34000015258789,20.360000610351562,400.0,19.86005973815918
2019-12-18,20.969999313354492,20.31999969482422,20.31999969482422,20.690000534057617,2500.0,20.181957244873047
2019-12-19,21.0,20.350000381469727,20.780000686645508,21.0,4100.0,20.484344482421875
2019-12-20,21.0,21.0,21.0,21.0,200.0,20.484344482421875
2019-12-23,21.030000686645508,21.030000686645508,21.030000686645508,21.030000686645508,100.0,20.513608932495117
2019-12-24,21.030000686645508,21.030000686645508,21.030000686645508,21.030000686645508,0.0,20.513608932495117
2019-12-26,21.030000686645508,21.030000686645508,21.030000686645508,21.030000686645508,0.0,20.513608932495117
2019-12-27,21.479999542236328,21.479999542236328,21.479999542236328,21.479999542236328,300.0,20.952556610107422
2019-12-30,21.3799991607666,21.3799991607666,21.3799991607666,21.3799991607666,700.0,20.855010986328125
2019-12-31,21.239999771118164,21.239999771118164,21.239999771118164,21.239999771118164,400.0,20.718448638916016
2020-01-02,22.0,21.690000534057617,21.989999771118164,22.0,3300.0,21.459789276123047
2020-01-03,22.15999984741211,21.6299991607666,22.15999984741211,21.6299991607666,500.0,21.098873138427734
2020-01-06,21.989999771118164,21.989999771118164,21.989999771118164,21.989999771118164,200.0,21.450035095214844
2020-01-07,21.780000686645508,21.209999084472656,21.700000762939453,21.299999237060547,4800.0,20.776975631713867
2020-01-08,21.5,21.209999084472656,21.209999084472656,21.5,7000.0,20.972064971923828
2020-01-09,21.5,21.5,21.5,21.5,0.0,20.972064971923828
2020-01-10,21.360000610351562,21.31999969482422,21.360000610351562,21.31999969482422,900.0,20.796485900878906
2020-01-13,21.329999923706055,21.329999923706055,21.329999923706055,21.329999923706055,300.0,20.80624008178711
2020-01-14,21.329999923706055,21.329999923706055,21.329999923706055,21.329999923706055,0.0,20.80624008178711
2020-01-15,21.329999923706055,21.329999923706055,21.329999923706055,21.329999923706055,0.0,20.80624008178711
2020-01-16,21.329999923706055,21.329999923706055,21.329999923706055,21.329999923706055,0.0,20.80624008178711
2020-01-17,21.600000381469727,21.600000381469727,21.600000381469727,21.600000381469727,500.0,21.069610595703125
2020-01-21,21.75,21.520000457763672,21.75,21.520000457763672,3200.0,20.991575241088867
2020-01-22,21.739999771118164,21.360000610351562,21.68000030517578,21.360000610351562,7400.0,20.83550453186035
2020-01-23,21.3700008392334,19.81999969482422,21.3700008392334,19.899999618530273,15400.0,19.411354064941406
2020-01-24,21.0,20.850000381469727,20.899999618530273,21.0,12300.0,20.484344482421875
2020-01-27,21.68000030517578,21.030000686645508,21.15999984741211,21.030000686645508,1100.0,20.513608932495117
2020-01-28,21.030000686645508,21.030000686645508,21.030000686645508,21.030000686645508,0.0,20.513608932495117
2020-01-29,21.25,21.110000610351562,21.25,21.18000030517578,3200.0,20.659923553466797
2020-01-30,21.049999237060547,21.0,21.030000686645508,21.010000228881836,4000.0,20.494098663330078
2020-01-31,20.770000457763672,20.770000457763672,20.770000457763672,20.770000457763672,300.0,20.259992599487305
2020-02-03,20.969999313354492,20.770000457763672,20.969999313354492,20.770000457763672,1100.0,20.259992599487305
2020-02-04,20.799999237060547,20.790000915527344,20.799999237060547,20.799999237060547,2200.0,20.289255142211914
2020-02-05,21.149999618530273,21.0,21.0,21.149999618530273,3500.0,20.630659103393555
2020-02-06,21.280000686645508,20.639999389648438,20.639999389648438,21.280000686645508,900.0,20.757469177246094
2020-02-07,21.200000762939453,20.5,21.1299991607666,21.0,4100.0,20.484344482421875
2020-02-10,21.149999618530273,21.149999618530273,21.149999618530273,21.149999618530273,100.0,20.630659103393555
2020-02-11,21.399999618530273,21.25,21.399999618530273,21.25,6500.0,20.72820472717285
2020-02-12,21.25,21.0,21.25,21.020000457763672,3200.0,20.503854751586914
2020-02-13,21.020000457763672,21.020000457763672,21.020000457763672,21.020000457763672,0.0,20.503854751586914
2020-02-14,20.799999237060547,20.799999237060547,20.799999237060547,20.799999237060547,800.0,20.289255142211914
2020-02-18,21.170000076293945,20.739999771118164,20.739999771118164,20.8799991607666,3000.0,20.36728858947754
2020-02-19,21.0,20.950000762939453,21.0,20.950000762939453,1000.0,20.435571670532227
2020-02-20,21.18000030517578,20.8799991607666,20.8799991607666,21.18000030517578,4500.0,20.659923553466797
2020-02-21,20.790000915527344,20.790000915527344,20.790000915527344,20.790000915527344,1000.0,20.27950096130371
2020-02-24,20.959999084472656,20.709999084472656,20.709999084472656,20.959999084472656,2100.0,20.445323944091797
2020-02-25,21.190000534057617,20.899999618530273,21.149999618530273,20.899999618530273,1000.0,20.386796951293945
2020-02-26,20.65999984741211,20.65999984741211,20.65999984741211,20.65999984741211,100.0,20.152692794799805
2020-02-27,20.65999984741211,20.459999084472656,20.65999984741211,20.459999084472656,700.0,19.957603454589844
2020-02-28,20.709999084472656,20.020000457763672,20.309999465942383,20.049999237060547,87500.0,19.557668685913086
2020-03-02,20.239999771118164,20.18000030517578,20.239999771118164,20.190000534057617,10400.0,19.69423484802246
2020-03-03,20.229999542236328,19.6200008392334,20.229999542236328,19.6200008392334,9100.0,19.138229370117188
2020-03-04,19.920000076293945,19.260000228881836,19.600000381469727,19.829999923706055,3800.0,19.343074798583984
2020-03-05,19.399999618530273,19.0,19.350000381469727,19.030000686645508,4200.0,18.56271743774414
2020-03-06,18.5,18.5,18.5,18.5,200.0,18.045732498168945
2020-03-09,18.399999618530273,17.209999084472656,18.399999618530273,17.209999084472656,500.0,16.787405014038086
2020-03-10,17.209999084472656,17.209999084472656,17.209999084472656,17.209999084472656,0.0,16.787405014038086
2020-03-11,17.200000762939453,16.010000228881836,17.200000762939453,16.09000015258789,14400.0,15.69490909576416
2020-03-12,16.06999969482422,16.06999969482422,16.06999969482422,16.06999969482422,100.0,15.79813289642334
2020-03-13,16.600000381469727,16.600000381469727,16.600000381469727,16.600000381469727,400.0,16.31916618347168
2020-03-16,16.700000762939453,14.010000228881836,15.4399995803833,14.550000190734863,2700.0,14.303848266601562
2020-03-17,15.0,14.210000038146973,14.989999771118164,14.399999618530273,35000.0,14.156384468078613
2020-03-18,14.199999809265137,12.5,14.199999809265137,12.5,4800.0,12.288529396057129
2020-03-19,13.0,12.40999984741211,12.5,13.0,7300.0,12.780070304870605
2020-03-20,14.0,12.5,14.0,12.5,3200.0,12.288529396057129
2020-03-23,14.260000228881836,11.270000457763672,11.270000457763672,14.069999694824219,1600.0,13.831968307495117
2020-03-24,14.0,12.84000015258789,13.390000343322754,12.84000015258789,2100.0,12.622776985168457
2020-03-25,14.270000457763672,12.600000381469727,13.010000228881836,12.789999961853027,6500.0,12.573622703552246
2020-03-26,13.039999961853027,12.3100004196167,12.609999656677246,13.039999961853027,3300.0,12.819393157958984
2020-03-27,14.8100004196167,12.699999809265137,12.699999809265137,14.8100004196167,11400.0,14.559450149536133
2020-03-30,14.760000228881836,13.739999771118164,14.760000228881836,13.739999771118164,400.0,13.507550239562988
2020-03-31,13.75,12.899999618530273,13.670000076293945,13.75,4000.0,13.51738166809082
2020-04-01,13.75,13.699999809265137,13.75,13.75,2600.0,13.51738166809082
2020-04-02,13.739999771118164,12.899999618530273,13.130000114440918,12.899999618530273,1100.0,12.681761741638184
2020-04-03,12.65999984741211,12.029999732971191,12.65999984741211,12.029999732971191,1500.0,11.8264799118042
2020-04-06,12.5,11.970000267028809,12.5,11.970000267028809,4500.0,11.767495155334473
2020-04-07,12.119999885559082,12.0,12.0,12.100000381469727,11000.0,11.895296096801758
2020-04-08,13.5,12.0,12.039999961853027,13.5,3400.0,13.271610260009766
2020-04-09,14.489999771118164,13.15999984741211,13.15999984741211,14.489999771118164,1300.0,14.24486255645752
2020-04-13,14.25,14.25,14.25,14.25,1100.0,14.008923530578613
2020-04-14,14.25,14.25,14.25,14.25,0.0,14.008923530578613
2020-04-15,13.649999618530273,12.350000381469727,13.649999618530273,13.40999984741211,900.0,13.183133125305176
2020-04-16,13.40999984741211,13.40999984741211,13.40999984741211,13.40999984741211,0.0,13.183133125305176
2020-04-17,13.40999984741211,13.40999984741211,13.40999984741211,13.40999984741211,0.0,13.183133125305176
2020-04-20,13.050000190734863,12.300000190734863,12.300000190734863,13.010000228881836,8800.0,12.789900779724121
2020-04-21,13.0,12.5,12.970000267028809,12.90999984741211,2400.0,12.6915922164917
2020-04-22,13.069999694824219,12.880000114440918,12.949999809265137,13.069999694824219,1400.0,12.848885536193848
2020-04-23,13.0,13.0,13.0,13.0,400.0,12.780070304870605
2020-04-24,13.0,13.0,13.0,13.0,300.0,12.780070304870605
2020-04-27,13.199999809265137,13.0,13.010000228881836,13.100000381469727,5200.0,12.878377914428711
2020-04-28,13.569999694824219,13.069999694824219,13.569999694824219,13.069999694824219,500.0,12.848885536193848
2020-04-29,14.0,13.529999732971191,13.529999732971191,14.0,1000.0,13.763152122497559
2020-04-30,14.010000228881836,13.8100004196167,14.0,13.989999771118164,10600.0,13.753321647644043
2020-05-01,13.989999771118164,13.989999771118164,13.989999771118164,13.989999771118164,0.0,13.753321647644043
2020-05-04,13.989999771118164,13.989999771118164,13.989999771118164,13.989999771118164,0.0,13.753321647644043
2020-05-05,13.989999771118164,13.989999771118164,13.989999771118164,13.989999771118164,0.0,13.753321647644043
2020-05-06,13.989999771118164,13.989999771118164,13.989999771118164,13.989999771118164,0.0,13.753321647644043
2020-05-07,13.989999771118164,13.989999771118164,13.989999771118164,13.989999771118164,0.0,13.753321647644043
2020-05-08,13.989999771118164,13.989999771118164,13.989999771118164,13.989999771118164,0.0,13.753321647644043
2020-05-11,14.25,13.260000228881836,13.300000190734863,13.529999732971191,4900.0,13.301103591918945
2020-05-12,14.479999542236328,13.619999885559082,14.399999618530273,13.619999885559082,700.0,13.389580726623535
2020-05-13,13.300000190734863,12.15999984741211,13.25,12.15999984741211,1200.0,11.954280853271484
2020-05-14,12.15999984741211,12.15999984741211,12.15999984741211,12.15999984741211,0.0,11.954280853271484
2020-05-15,13.0,12.210000038146973,13.0,12.210000038146973,2700.0,12.003435134887695
2020-05-18,13.800000190734863,12.75,12.979999542236328,12.850000381469727,53800.0,12.632608413696289
2020-05-19,12.760000228881836,12.279999732971191,12.75,12.279999732971191,9400.0,12.072250366210938
2020-05-20,12.800000190734863,12.5,12.5,12.800000190734863,7000.0,12.583453178405762
2020-05-21,13.0,12.3100004196167,12.59000015258789,12.3100004196167,2300.0,12.101743698120117
2020-05-22,12.930000305175781,12.930000305175781,12.930000305175781,12.930000305175781,200.0,12.711254119873047
2020-05-26,13.149999618530273,12.5,13.0,12.880000114440918,18200.0,12.662099838256836
2020-05-27,13.600000381469727,12.90999984741211,13.5,13.600000381469727,13200.0,13.369919776916504
2020-05-28,14.0,12.989999771118164,14.0,12.989999771118164,19300.0,12.770238876342773
2020-05-29,13.75,12.920000076293945,13.09000015258789,13.0,17300.0,12.780070304870605
2020-06-01,13.729999542236328,13.0,13.0,13.300000190734863,4300.0,13.074995040893555
2020-06-02,13.050000190734863,13.050000190734863,13.050000190734863,13.050000190734863,500.0,12.829224586486816
2020-06-03,13.619999885559082,13.350000381469727,13.619999885559082,13.600000381469727,500.0,13.369919776916504
2020-06-04,13.600000381469727,13.5,13.600000381469727,13.600000381469727,11600.0,13.369919776916504
2020-06-05,14.470000267028809,14.300000190734863,14.470000267028809,14.300000190734863,500.0,14.058076858520508
2020-06-08,15.449999809265137,14.300000190734863,14.430000305175781,14.890000343322754,117300.0,14.63809585571289
2020-06-09,15.0,14.479999542236328,14.890000343322754,14.609999656677246,22000.0,14.362832069396973
2020-06-10,14.640000343322754,14.25,14.609999656677246,14.369999885559082,20500.0,14.126893043518066
2020-06-11,14.479999542236328,13.5,14.149999618530273,13.600000381469727,57300.0,13.369919776916504
2020-06-12,13.600000381469727,13.600000381469727,13.600000381469727,13.600000381469727,0.0,13.369919776916504
2020-06-15,14.3100004196167,14.050000190734863,14.050000190734863,14.3100004196167,1600.0,14.06790828704834
2020-06-16,14.75,14.369999885559082,14.75,14.619999885559082,1700.0,14.372662544250488
2020-06-17,15.569999694824219,14.359999656677246,15.569999694824219,14.4399995803833,2900.0,14.195708274841309
2020-06-18,14.789999961853027,14.15999984741211,14.34000015258789,14.15999984741211,1300.0,14.041999816894531
2020-06-19,15.0,14.350000381469727,14.40999984741211,15.0,4200.0,14.875
2020-06-22,14.5,14.25,14.5,14.25,4200.0,14.131250381469727
2020-06-23,14.550000190734863,14.25,14.539999961853027,14.260000228881836,5300.0,14.141166687011719
2020-06-24,14.609999656677246,14.569999694824219,14.609999656677246,14.569999694824219,400.0,14.448583602905273
2020-06-25,14.569999694824219,14.569999694824219,14.569999694824219,14.569999694824219,0.0,14.448583602905273
2020-06-26,14.729999542236328,14.199999809265137,14.609999656677246,14.199999809265137,1800.0,14.081666946411133
2020-06-29,14.539999961853027,14.3100004196167,14.350000381469727,14.319999694824219,1700.0,14.200666427612305
2020-06-30,14.3100004196167,14.100000381469727,14.3100004196167,14.100000381469727,4400.0,13.982500076293945
2020-07-01,15.0,14.8100004196167,14.890000343322754,14.850000381469727,3700.0,14.726250648498535
2020-07-02,15.140000343322754,15.140000343322754,15.140000343322754,15.140000343322754,400.0,15.013833999633789
2020-07-06,14.75,14.390000343322754,14.75,14.390000343322754,1300.0,14.2700834274292
2020-07-07,14.390000343322754,14.390000343322754,14.390000343322754,14.390000343322754,0.0,14.2700834274292
2020-07-08,14.34000015258789,14.220000267028809,14.34000015258789,14.289999961853027,1900.0,14.170916557312012
2020-07-09,14.470000267028809,13.899999618530273,14.210000038146973,13.899999618530273,1400.0,13.78416633605957
2020-07-10,13.899999618530273,13.899999618530273,13.899999618530273,13.899999618530273,0.0,13.78416633605957
2020-07-13,14.1899995803833,14.1899995803833,14.1899995803833,14.1899995803833,600.0,14.071749687194824
2020-07-14,14.800000190734863,14.800000190734863,14.800000190734863,14.800000190734863,300.0,14.676667213439941
2020-07-15,14.529999732971191,14.25,14.420000076293945,14.529999732971191,900.0,14.408916473388672
2020-07-16,14.529999732971191,14.529999732971191,14.529999732971191,14.529999732971191,200.0,14.408916473388672
2020-07-17,14.529999732971191,14.529999732971191,14.529999732971191,14.529999732971191,0.0,14.408916473388672
2020-07-20,14.859999656677246,14.720000267028809,14.859999656677246,14.720000267028809,800.0,14.597333908081055
2020-07-21,14.6899995803833,14.6899995803833,14.6899995803833,14.6899995803833,1000.0,14.567583084106445
2020-07-22,14.680000305175781,14.550000190734863,14.680000305175781,14.550000190734863,500.0,14.428750038146973
2020-07-23,14.989999771118164,14.449999809265137,14.989999771118164,14.449999809265137,900.0,14.329583168029785
2020-07-24,14.609999656677246,14.25,14.449999809265137,14.270000457763672,1900.0,14.151083946228027
2020-07-27,14.329999923706055,14.329999923706055,14.329999923706055,14.329999923706055,100.0,14.210583686828613
2020-07-28,14.329999923706055,14.329999923706055,14.329999923706055,14.329999923706055,0.0,14.210583686828613
2020-07-29,14.300000190734863,14.149999618530273,14.300000190734863,14.149999618530273,5500.0,14.032083511352539
2020-07-30,14.149999618530273,14.149999618530273,14.149999618530273,14.149999618530273,0.0,14.032083511352539
2020-07-31,14.100000381469727,14.100000381469727,14.100000381469727,14.100000381469727,200.0,13.982500076293945
2020-08-03,14.100000381469727,14.100000381469727,14.100000381469727,14.100000381469727,0.0,13.982500076293945
2020-08-04,14.100000381469727,14.100000381469727,14.100000381469727,14.100000381469727,100.0,13.982500076293945
2020-08-05,14.100000381469727,14.100000381469727,14.100000381469727,14.100000381469727,0.0,13.982500076293945
2020-08-06,14.050000190734863,14.0,14.020000457763672,14.050000190734863,1200.0,13.932916641235352
2020-08-07,14.149999618530273,14.140000343322754,14.140000343322754,14.140000343322754,1100.0,14.022167205810547
2020-08-10,14.279999732971191,14.0,14.130000114440918,14.199999809265137,7200.0,14.081666946411133
2020-08-11,14.270000457763672,14.270000457763672,14.270000457763672,14.270000457763672,100.0,14.151083946228027
2020-08-12,14.720000267028809,14.25,14.300000190734863,14.720000267028809,7100.0,14.597333908081055
2020-08-13,14.720000267028809,14.720000267028809,14.720000267028809,14.720000267028809,0.0,14.597333908081055
2020-08-14,14.699999809265137,14.180000305175781,14.180000305175781,14.4399995803833,800.0,14.319665908813477
2020-08-17,14.180000305175781,14.180000305175781,14.180000305175781,14.180000305175781,200.0,14.061833381652832
2020-08-18,14.4399995803833,14.199999809265137,14.25,14.199999809265137,1900.0,14.081666946411133
2020-08-19,14.5,14.300000190734863,14.479999542236328,14.319999694824219,6700.0,14.200666427612305
2020-08-20,14.859999656677246,14.40999984741211,14.470000267028809,14.460000038146973,8100.0,14.339500427246094
2020-08-21,14.470000267028809,14.460000038146973,14.460000038146973,14.470000267028809,400.0,14.349416732788086
2020-08-24,15.0,14.779999732971191,14.960000038146973,14.779999732971191,12500.0,14.65683364868164
2020-08-25,14.970000267028809,14.880000114440918,14.880000114440918,14.970000267028809,9500.0,14.845250129699707
2020-08-26,14.960000038146973,14.880000114440918,14.880000114440918,14.960000038146973,300.0,14.835333824157715
2020-08-27,15.0,14.989999771118164,14.989999771118164,15.0,1600.0,14.875
2020-08-28,15.579999923706055,15.550000190734863,15.550000190734863,15.579999923706055,600.0,15.450166702270508
2020-08-31,15.640000343322754,15.119999885559082,15.140000343322754,15.489999771118164,5700.0,15.360916137695312
2020-09-01,15.579999923706055,15.5,15.5,15.579999923706055,1200.0,15.450166702270508
2020-09-02,15.579999923706055,15.579999923706055,15.579999923706055,15.579999923706055,0.0,15.450166702270508
2020-09-03,15.579999923706055,15.579999923706055,15.579999923706055,15.579999923706055,0.0,15.450166702270508
2020-09-04,15.670000076293945,15.510000228881836,15.670000076293945,15.510000228881836,200.0,15.38075065612793
2020-09-08,15.640000343322754,15.079999923706055,15.640000343322754,15.079999923706055,1100.0,14.954333305358887
2020-09-09,15.170000076293945,15.029999732971191,15.170000076293945,15.100000381469727,5700.0,14.974166870117188
2020-09-10,15.109999656677246,15.029999732971191,15.029999732971191,15.109999656677246,600.0,14.98408317565918
2020-09-11,15.130000114440918,15.029999732971191,15.029999732971191,15.130000114440918,800.0,15.00391674041748
2020-09-14,15.0600004196167,15.029999732971191,15.0600004196167,15.029999732971191,400.0,14.904749870300293
2020-09-15,15.979999542236328,15.029999732971191,15.029999732971191,15.100000381469727,1200.0,14.974166870117188
2020-09-16,15.100000381469727,14.850000381469727,15.029999732971191,15.0,10800.0,14.875
2020-09-17,15.109999656677246,14.9399995803833,14.9399995803833,15.109999656677246,600.0,15.109999656677246
2020-09-18,15.640000343322754,15.0,15.640000343322754,15.0,6700.0,15.0
2020-09-21,14.859999656677246,14.859999656677246,14.859999656677246,14.859999656677246,400.0,14.859999656677246
2020-09-22,15.050000190734863,14.859999656677246,14.859999656677246,15.050000190734863,2700.0,15.050000190734863
2020-09-23,15.050000190734863,15.050000190734863,15.050000190734863,15.050000190734863,400.0,15.050000190734863
2020-09-24,15.050000190734863,15.050000190734863,15.050000190734863,15.050000190734863,0.0,15.050000190734863
2020-09-25,15.369999885559082,15.369999885559082,15.369999885559082,15.369999885559082,300.0,15.369999885559082
2020-09-28,15.229999542236328,14.9399995803833,15.0600004196167,15.050000190734863,7000.0,15.050000190734863
2020-09-29,15.050000190734863,15.050000190734863,15.050000190734863,15.050000190734863,0.0,15.050000190734863
2020-09-30,15.050000190734863,15.050000190734863,15.050000190734863,15.050000190734863,0.0,15.050000190734863
2020-10-01,15.890000343322754,15.279999732971191,15.279999732971191,15.5,15500.0,15.5
2020-10-02,15.539999961853027,15.09000015258789,15.09000015258789,15.529999732971191,5200.0,15.529999732971191
