Date,High,Low,Open,Close,Volume,Adj Close
2018-01-02,9.399999618530273,9.0,9.170000076293945,9.34000015258789,327400,9.34000015258789
2018-01-03,9.649999618530273,9.25,9.4399995803833,9.529999732971191,335600,9.529999732971191
2018-01-04,9.899999618530273,9.350000381469727,9.569999694824219,9.819999694824219,383200,9.819999694824219
2018-01-05,10.406999588012695,9.75,9.899999618530273,10.050000190734863,1114200,10.050000190734863
2018-01-08,10.050000190734863,8.609999656677246,9.979999542236328,8.630000114440918,2005700,8.630000114440918
2018-01-09,9.239999771118164,8.670000076293945,8.720000267028809,9.180000305175781,692000,9.180000305175781
2018-01-10,9.399999618530273,8.949999809265137,9.100000381469727,9.300000190734863,390700,9.300000190734863
2018-01-11,9.25,8.899999618530273,9.25,8.90999984741211,340100,8.90999984741211
2018-01-12,8.90999984741211,7.5229997634887695,8.90999984741211,7.579999923706055,2311200,7.579999923706055
2018-01-16,7.849999904632568,7.25,7.809999942779541,7.260000228881836,1742400,7.260000228881836
2018-01-17,7.260000228881836,6.75,7.25,6.769999980926514,2339900,6.769999980926514
2018-01-18,7.190000057220459,6.639999866485596,6.800000190734863,7.03000020980835,1440500,7.03000020980835
2018-01-19,7.630000114440918,6.96999979019165,7.28000020980835,7.139999866485596,1776600,7.139999866485596
2018-01-22,7.28000020980835,7.0,7.179999828338623,7.25,991700,7.25
2018-01-23,7.610000133514404,7.159999847412109,7.25,7.579999923706055,1124700,7.579999923706055
2018-01-24,7.7769999504089355,7.230000019073486,7.599999904632568,7.309999942779541,1251400,7.309999942779541
2018-01-25,7.360000133514404,7.03000020980835,7.349999904632568,7.03000020980835,831700,7.03000020980835
2018-01-26,7.235000133514404,6.9730000495910645,7.050000190734863,7.050000190734863,1239300,7.050000190734863
2018-01-29,7.309999942779541,7.050000190734863,7.050000190734863,7.190000057220459,653500,7.190000057220459
2018-01-30,7.150000095367432,6.949999809265137,7.119999885559082,7.0,597400,7.0
2018-01-31,7.070000171661377,6.809999942779541,7.070000171661377,6.889999866485596,736100,6.889999866485596
2018-02-01,6.889999866485596,6.420000076293945,6.889999866485596,6.53000020980835,1232200,6.53000020980835
2018-02-02,6.760000228881836,6.28000020980835,6.5,6.519999980926514,762800,6.519999980926514
2018-02-05,6.46999979019165,5.949999809265137,6.420000076293945,6.059999942779541,1870000,6.059999942779541
2018-02-06,6.349999904632568,5.9070000648498535,5.980000019073486,6.21999979019165,815000,6.21999979019165
2018-02-07,6.440000057220459,6.190000057220459,6.230000019073486,6.369999885559082,611200,6.369999885559082
2018-02-08,6.400000095367432,6.159999847412109,6.349999904632568,6.170000076293945,680200,6.170000076293945
2018-02-09,6.340000152587891,5.966000080108643,6.239999771118164,6.239999771118164,883000,6.239999771118164
2018-02-12,6.505000114440918,6.079999923706055,6.260000228881836,6.289999961853027,733400,6.289999961853027
2018-02-13,6.25,5.150000095367432,5.949999809265137,6.090000152587891,2640100,6.090000152587891
2018-02-14,6.230000019073486,6.0,6.059999942779541,6.159999847412109,667600,6.159999847412109
2018-02-15,6.230000019073486,6.079999923706055,6.199999809265137,6.190000057220459,577000,6.190000057220459
2018-02-16,6.630000114440918,6.130000114440918,6.170000076293945,6.480000019073486,678700,6.480000019073486
2018-02-20,6.565000057220459,6.190000057220459,6.420000076293945,6.230000019073486,605200,6.230000019073486
2018-02-21,6.550000190734863,6.239999771118164,6.260000228881836,6.329999923706055,548400,6.329999923706055
2018-02-22,6.590000152587891,6.300000190734863,6.389999866485596,6.429999828338623,609500,6.429999828338623
2018-02-23,6.550000190734863,6.309999942779541,6.440000057220459,6.53000020980835,407200,6.53000020980835
2018-02-26,6.659999847412109,6.409999847412109,6.559999942779541,6.559999942779541,477600,6.559999942779541
2018-02-27,6.760000228881836,6.53000020980835,6.559999942779541,6.630000114440918,428700,6.630000114440918
2018-02-28,6.820000171661377,6.579999923706055,6.659999847412109,6.590000152587891,512500,6.590000152587891
2018-03-01,6.829999923706055,6.5,6.610000133514404,6.800000190734863,829200,6.800000190734863
2018-03-02,6.849999904632568,6.651000022888184,6.710000038146973,6.840000152587891,436000,6.840000152587891
2018-03-05,7.070000171661377,6.800000190734863,6.809999942779541,7.019999980926514,625500,7.019999980926514
2018-03-06,7.369999885559082,7.019999980926514,7.059999942779541,7.25,750500,7.25
2018-03-07,7.380000114440918,7.070000171661377,7.190000057220459,7.329999923706055,525100,7.329999923706055
2018-03-08,7.570000171661377,7.230000019073486,7.329999923706055,7.489999771118164,445700,7.489999771118164
2018-03-09,7.75,7.309999942779541,7.559999942779541,7.679999828338623,684900,7.679999828338623
2018-03-12,7.980000019073486,7.659999847412109,7.699999809265137,7.929999828338623,515600,7.929999828338623
2018-03-13,7.949999809265137,7.320000171661377,7.949999809265137,7.539999961853027,592100,7.539999961853027
2018-03-14,7.639999866485596,7.389999866485596,7.610000133514404,7.400000095367432,311700,7.400000095367432
2018-03-15,7.690000057220459,7.340000152587891,7.420000076293945,7.590000152587891,298800,7.590000152587891
2018-03-16,7.659999847412109,7.489999771118164,7.610000133514404,7.559999942779541,380200,7.559999942779541
2018-03-19,7.625,7.260000228881836,7.559999942779541,7.429999828338623,451500,7.429999828338623
2018-03-20,7.5,7.210000038146973,7.449999809265137,7.300000190734863,313800,7.300000190734863
2018-03-21,7.570000171661377,7.260000228881836,7.28000020980835,7.420000076293945,198400,7.420000076293945
2018-03-22,7.489999771118164,7.199999809265137,7.369999885559082,7.28000020980835,291000,7.28000020980835
2018-03-23,7.260000228881836,7.010000228881836,7.25,7.019999980926514,305500,7.019999980926514
2018-03-26,7.199999809265137,6.820000171661377,7.150000095367432,7.0,410400,7.0
2018-03-27,6.46999979019165,5.349999904632568,6.380000114440918,5.409999847412109,3319500,5.409999847412109
2018-03-28,4.849999904632568,4.349999904632568,4.449999809265137,4.699999809265137,9182600,4.699999809265137
2018-03-29,4.800000190734863,4.519999980926514,4.730000019073486,4.690000057220459,1305700,4.690000057220459
2018-04-02,4.989999771118164,4.699999809265137,4.71999979019165,4.869999885559082,1501900,4.869999885559082
2018-04-03,5.275000095367432,4.949999809265137,4.989999771118164,5.090000152587891,1265500,5.090000152587891
2018-04-04,5.170000076293945,4.869999885559082,5.0,5.0,1010000,5.0
2018-04-05,5.295000076293945,4.920000076293945,5.010000228881836,5.21999979019165,1309600,5.21999979019165
2018-04-06,5.269999980926514,4.929999828338623,5.170000076293945,4.980000019073486,1796600,4.980000019073486
2018-04-09,5.320000171661377,5.019999980926514,5.03000020980835,5.199999809265137,889300,5.199999809265137
2018-04-10,5.309999942779541,5.039999961853027,5.260000228881836,5.119999885559082,767700,5.119999885559082
2018-04-11,5.809999942779541,5.25,5.260000228881836,5.619999885559082,1509300,5.619999885559082
2018-04-12,5.670000076293945,5.420000076293945,5.650000095367432,5.590000152587891,526700,5.590000152587891
2018-04-13,5.710000038146973,5.510000228881836,5.590000152587891,5.670000076293945,475100,5.670000076293945
2018-04-16,5.690000057220459,5.46999979019165,5.690000057220459,5.539999961853027,353500,5.539999961853027
2018-04-17,5.920000076293945,5.619999885559082,5.619999885559082,5.78000020980835,610900,5.78000020980835
2018-04-18,5.900000095367432,5.710000038146973,5.829999923706055,5.809999942779541,410900,5.809999942779541
2018-04-19,5.849999904632568,5.690000057220459,5.789999961853027,5.78000020980835,251400,5.78000020980835
2018-04-20,5.789999961853027,5.5329999923706055,5.769999980926514,5.710000038146973,287500,5.710000038146973
2018-04-23,5.730000019073486,5.539999961853027,5.71999979019165,5.590000152587891,355200,5.590000152587891
2018-04-24,5.75,5.585000038146973,5.650000095367432,5.679999828338623,378200,5.679999828338623
2018-04-25,5.670000076293945,5.400000095367432,5.670000076293945,5.53000020980835,405100,5.53000020980835
2018-04-26,5.840000152587891,5.531000137329102,5.579999923706055,5.730000019073486,536300,5.730000019073486
2018-04-27,5.820000171661377,5.559999942779541,5.75,5.599999904632568,560800,5.599999904632568
2018-04-30,5.650000095367432,5.440000057220459,5.639999866485596,5.53000020980835,310000,5.53000020980835
2018-05-01,5.59499979019165,5.409999847412109,5.559999942779541,5.510000228881836,380600,5.510000228881836
2018-05-02,5.599999904632568,5.465000152587891,5.510000228881836,5.5,285500,5.5
2018-05-03,5.449999809265137,5.309999942779541,5.440000057220459,5.400000095367432,396300,5.400000095367432
2018-05-04,5.590000152587891,5.369999885559082,5.420000076293945,5.5,395400,5.5
2018-05-07,5.889999866485596,5.480000019073486,5.53000020980835,5.820000171661377,683900,5.820000171661377
2018-05-08,5.809999942779541,5.539999961853027,5.809999942779541,5.599999904632568,383400,5.599999904632568
2018-05-09,5.929999828338623,5.570000171661377,5.610000133514404,5.920000076293945,609100,5.920000076293945
2018-05-10,6.730000019073486,6.110000133514404,6.130000114440918,6.570000171661377,2152300,6.570000171661377
2018-05-11,6.940000057220459,6.539999961853027,6.579999923706055,6.920000076293945,1139600,6.920000076293945
2018-05-14,7.079999923706055,6.659999847412109,6.929999828338623,6.989999771118164,641600,6.989999771118164
2018-05-15,7.0,6.820000171661377,6.980000019073486,6.960000038146973,336300,6.960000038146973
2018-05-16,6.760000228881836,5.5,5.730000019073486,6.480000019073486,2176900,6.480000019073486
2018-05-17,6.710000038146973,6.460000038146973,6.559999942779541,6.539999961853027,430500,6.539999961853027
2018-05-18,6.809999942779541,6.570000171661377,6.599999904632568,6.800000190734863,611500,6.800000190734863
2018-05-21,7.269999980926514,6.809999942779541,6.860000133514404,7.239999771118164,1007800,7.239999771118164
2018-05-22,7.5,7.179999828338623,7.269999980926514,7.460000038146973,812600,7.460000038146973
2018-05-23,7.760000228881836,7.389999866485596,7.449999809265137,7.71999979019165,954900,7.71999979019165
2018-05-24,7.860000133514404,7.630000114440918,7.710000038146973,7.820000171661377,981400,7.820000171661377
2018-05-25,7.829999923706055,7.211999893188477,7.800000190734863,7.269999980926514,822000,7.269999980926514
2018-05-29,7.440000057220459,7.199999809265137,7.269999980926514,7.349999904632568,432500,7.349999904632568
2018-05-30,7.510000228881836,7.340000152587891,7.349999904632568,7.449999809265137,366300,7.449999809265137
2018-05-31,7.550000190734863,7.320000171661377,7.46999979019165,7.400000095367432,364900,7.400000095367432
2018-06-01,7.506999969482422,7.380000114440918,7.460000038146973,7.5,393600,7.5
2018-06-04,7.71999979019165,7.269999980926514,7.550000190734863,7.710000038146973,1077100,7.710000038146973
2018-06-05,7.795000076293945,7.460000038146973,7.71999979019165,7.630000114440918,804200,7.630000114440918
2018-06-06,7.800000190734863,7.610000133514404,7.630000114440918,7.710000038146973,756500,7.710000038146973
2018-06-07,7.849999904632568,7.619999885559082,7.71999979019165,7.75,699200,7.75
2018-06-08,7.860000133514404,7.690000057220459,7.75,7.789999961853027,719500,7.789999961853027
2018-06-11,8.020000457763672,7.820000171661377,7.860000133514404,7.880000114440918,885500,7.880000114440918
2018-06-12,8.140000343322754,7.809999942779541,7.889999866485596,7.960000038146973,941700,7.960000038146973
2018-06-13,8.305000305175781,7.909999847412109,7.949999809265137,8.100000381469727,938600,8.100000381469727
2018-06-14,8.149999618530273,7.869999885559082,8.100000381469727,8.09000015258789,711900,8.09000015258789
2018-06-15,8.25,7.889999866485596,8.09000015258789,8.119999885559082,4044800,8.119999885559082
2018-06-18,8.585000038146973,8.039999961853027,8.100000381469727,8.420000076293945,832300,8.420000076293945
2018-06-19,8.449999809265137,8.109999656677246,8.359999656677246,8.300000190734863,754200,8.300000190734863
2018-06-20,8.470000267028809,8.029999732971191,8.300000190734863,8.1899995803833,638000,8.1899995803833
2018-06-21,8.25,8.005000114440918,8.199999809265137,8.010000228881836,465300,8.010000228881836
2018-06-22,8.15999984741211,7.809999942779541,8.029999732971191,8.079999923706055,3276000,8.079999923706055
2018-06-25,8.260000228881836,7.46999979019165,8.029999732971191,7.489999771118164,1734500,7.489999771118164
2018-06-26,7.670000076293945,7.150000095367432,7.5,7.639999866485596,924900,7.639999866485596
2018-06-27,7.639999866485596,7.269999980926514,7.619999885559082,7.269999980926514,601200,7.269999980926514
2018-06-28,7.269999980926514,7.079999923706055,7.269999980926514,7.21999979019165,689000,7.21999979019165
2018-06-29,7.559999942779541,7.230000019073486,7.289999961853027,7.349999904632568,637700,7.349999904632568
2018-07-02,7.539999961853027,7.110000133514404,7.269999980926514,7.539999961853027,555400,7.539999961853027
2018-07-03,7.75,7.489999771118164,7.559999942779541,7.570000171661377,215900,7.570000171661377
2018-07-05,7.789999961853027,7.480000019073486,7.599999904632568,7.730000019073486,420200,7.730000019073486
2018-07-06,8.069999694824219,7.739999771118164,7.800000190734863,7.960000038146973,542100,7.960000038146973
2018-07-09,8.020000457763672,7.650000095367432,7.989999771118164,7.840000152587891,396700,7.840000152587891
2018-07-10,8.154999732971191,7.900000095367432,7.940000057220459,8.109999656677246,622900,8.109999656677246
2018-07-11,8.220000267028809,7.800000190734863,8.0,8.149999618530273,435600,8.149999618530273
2018-07-12,8.260000228881836,8.010000228881836,8.170000076293945,8.260000228881836,432500,8.260000228881836
2018-07-13,8.449999809265137,8.229999542236328,8.239999771118164,8.289999961853027,357600,8.289999961853027
2018-07-16,8.390000343322754,7.949999809265137,8.300000190734863,8.3100004196167,458700,8.3100004196167
2018-07-17,8.449999809265137,8.260000228881836,8.279999732971191,8.369999885559082,322900,8.369999885559082
2018-07-18,8.359999656677246,8.220000267028809,8.350000381469727,8.329999923706055,211300,8.329999923706055
2018-07-19,8.720000267028809,8.25,8.300000190734863,8.670000076293945,537700,8.670000076293945
2018-07-20,8.699999809265137,8.270000457763672,8.6899995803833,8.40999984741211,405600,8.40999984741211
2018-07-23,8.640000343322754,8.260000228881836,8.40999984741211,8.550000190734863,333900,8.550000190734863
2018-07-24,8.869999885559082,8.329999923706055,8.619999885559082,8.609999656677246,748800,8.609999656677246
2018-07-25,8.930000305175781,8.550000190734863,8.6899995803833,8.8100004196167,665600,8.8100004196167
2018-07-26,8.847999572753906,8.35200023651123,8.819999694824219,8.699999809265137,627300,8.699999809265137
2018-07-27,8.680000305175781,8.100000381469727,8.680000305175781,8.369999885559082,754300,8.369999885559082
2018-07-30,8.729999542236328,8.300000190734863,8.380000114440918,8.420000076293945,763400,8.420000076293945
2018-07-31,8.96500015258789,8.430000305175781,8.430000305175781,8.84000015258789,1105200,8.84000015258789
2018-08-01,8.9399995803833,8.569999694824219,8.899999618530273,8.6899995803833,651400,8.6899995803833
2018-08-02,8.729999542236328,8.229999542236328,8.600000381469727,8.25,1567900,8.25
2018-08-03,8.609999656677246,8.15999984741211,8.289999961853027,8.260000228881836,1268400,8.260000228881836
2018-08-06,8.300000190734863,7.940000057220459,8.260000228881836,8.010000228881836,1319600,8.010000228881836
2018-08-07,8.100000381469727,7.730000019073486,8.0,8.039999961853027,687400,8.039999961853027
2018-08-08,9.699999809265137,8.510000228881836,8.789999961853027,9.4399995803833,5247100,9.4399995803833
2018-08-09,9.949999809265137,9.25,9.350000381469727,9.90999984741211,2098500,9.90999984741211
2018-08-10,10.180000305175781,9.399999618530273,9.489999771118164,9.949999809265137,1534900,9.949999809265137
2018-08-13,10.180000305175781,9.789999961853027,10.050000190734863,9.979999542236328,858200,9.979999542236328
2018-08-14,10.149999618530273,9.789999961853027,10.0,10.0600004196167,655900,10.0600004196167
2018-08-15,10.5,10.029999732971191,10.0600004196167,10.380000114440918,893700,10.380000114440918
2018-08-16,11.0,10.239999771118164,10.420000076293945,10.479999542236328,1394400,10.479999542236328
2018-08-17,10.479999542236328,10.069999694824219,10.449999809265137,10.210000038146973,623200,10.210000038146973
2018-08-20,10.699999809265137,10.180000305175781,10.34000015258789,10.59000015258789,1167800,10.59000015258789
2018-08-21,10.890000343322754,10.489999771118164,10.59000015258789,10.850000381469727,828200,10.850000381469727
2018-08-22,11.489999771118164,10.8100004196167,10.850000381469727,11.329999923706055,1215700,11.329999923706055
2018-08-23,12.0,11.430000305175781,11.430000305175781,11.989999771118164,1571200,11.989999771118164
2018-08-24,12.75,11.989999771118164,12.0,12.5600004196167,1732000,12.5600004196167
2018-08-27,13.369999885559082,12.564000129699707,12.699999809265137,13.069999694824219,1686800,13.069999694824219
2018-08-28,13.34000015258789,12.630000114440918,13.0,13.15999984741211,1192200,13.15999984741211
2018-08-29,14.1899995803833,13.140000343322754,13.149999618530273,14.15999984741211,1847400,14.15999984741211
2018-08-30,14.619999885559082,14.0,14.170000076293945,14.170000076293945,1440600,14.170000076293945
2018-08-31,15.479999542236328,14.079999923706055,14.079999923706055,14.8100004196167,2189100,14.8100004196167
2018-09-04,15.119999885559082,14.229999542236328,14.8100004196167,14.520000457763672,1557300,14.520000457763672
2018-09-05,14.739999771118164,13.65999984741211,14.449999809265137,14.25,2702500,14.25
2018-09-06,14.420000076293945,13.649999618530273,14.220000267028809,14.180000305175781,1378600,14.180000305175781
2018-09-07,14.789999961853027,13.890000343322754,14.220000267028809,13.949999809265137,1209100,13.949999809265137
2018-09-10,14.0600004196167,13.1899995803833,13.970000267028809,13.510000228881836,1178800,13.510000228881836
2018-09-11,13.949999809265137,13.260000228881836,13.520000457763672,13.880000114440918,802400,13.880000114440918
2018-09-12,14.039999961853027,13.300000190734863,13.84000015258789,13.710000038146973,830200,13.710000038146973
2018-09-13,13.729999542236328,13.020000457763672,13.670000076293945,13.619999885559082,1055500,13.619999885559082
2018-09-14,15.710000038146973,13.680000305175781,13.770000457763672,15.579999923706055,7327400,15.579999923706055
2018-09-17,16.739999771118164,15.520000457763672,15.680000305175781,16.520000457763672,3273400,16.520000457763672
2018-09-18,18.375,16.40999984741211,16.489999771118164,18.309999465942383,3302500,18.309999465942383
2018-09-19,18.26300048828125,16.030000686645508,18.170000076293945,16.1200008392334,2652100,16.1200008392334
2018-09-20,16.93000030517578,16.059999465942383,16.170000076293945,16.889999389648438,1650800,16.889999389648438
2018-09-21,17.25,16.530000686645508,16.899999618530273,16.719999313354492,1942000,16.719999313354492
2018-09-24,17.299999237060547,16.510000228881836,16.81999969482422,16.700000762939453,1196300,16.700000762939453
2018-09-25,16.93899917602539,16.1200008392334,16.690000534057617,16.1299991607666,1067000,16.1299991607666
2018-09-26,17.040000915527344,16.200000762939453,16.389999389648438,16.670000076293945,924000,16.670000076293945
2018-09-27,17.020000457763672,16.558000564575195,16.75,16.719999313354492,599100,16.719999313354492
2018-09-28,16.799999237060547,16.3799991607666,16.649999618530273,16.729999542236328,1214800,16.729999542236328
2018-10-01,17.729999542236328,16.219999313354492,16.75,16.3799991607666,1312900,16.3799991607666
2018-10-02,16.360000610351562,14.149999618530273,16.360000610351562,14.779999732971191,3527700,14.779999732971191
2018-10-03,15.145000457763672,14.41100025177002,15.0,14.859999656677246,950000,14.859999656677246
2018-10-04,15.210000038146973,14.109999656677246,14.850000381469727,14.420000076293945,962100,14.420000076293945
2018-10-05,14.84000015258789,13.699999809265137,14.319999694824219,14.239999771118164,861200,14.239999771118164
2018-10-08,14.630000114440918,13.760000228881836,13.84000015258789,14.279999732971191,716500,14.279999732971191
2018-10-09,14.770000457763672,13.960000038146973,14.069999694824219,14.550000190734863,596000,14.550000190734863
2018-10-10,14.600000381469727,13.3100004196167,14.40999984741211,13.569999694824219,1019200,13.569999694824219
2018-10-11,14.199999809265137,13.140000343322754,13.449999809265137,13.270000457763672,1005900,13.270000457763672
2018-10-12,14.109999656677246,13.510000228881836,13.699999809265137,13.899999618530273,580700,13.899999618530273
2018-10-15,14.15999984741211,13.3100004196167,13.8100004196167,13.800000190734863,487600,13.800000190734863
2018-10-16,14.416999816894531,13.65999984741211,13.949999809265137,14.199999809265137,1155900,14.199999809265137
2018-10-17,14.430000305175781,13.380000114440918,14.34000015258789,13.729999542236328,745000,13.729999542236328
2018-10-18,13.800000190734863,12.65999984741211,13.670000076293945,13.09000015258789,1100900,13.09000015258789
2018-10-19,13.317999839782715,12.3100004196167,13.1899995803833,12.859999656677246,853900,12.859999656677246
2018-10-22,13.180000305175781,12.649999618530273,12.9399995803833,12.800000190734863,590300,12.800000190734863
2018-10-23,13.279999732971191,12.279999732971191,12.550000190734863,13.010000228881836,1034900,13.010000228881836
2018-10-24,13.430000305175781,12.229999542236328,13.0,12.229999542236328,943700,12.229999542236328
2018-10-25,13.449999809265137,12.369999885559082,12.40999984741211,13.020000457763672,1279300,13.020000457763672
2018-10-26,13.170000076293945,12.289999961853027,12.6899995803833,12.649999618530273,740800,12.649999618530273
2018-10-29,13.170000076293945,12.300000190734863,12.859999656677246,12.59000015258789,453500,12.59000015258789
2018-10-30,13.449999809265137,12.505000114440918,12.550000190734863,13.239999771118164,792200,13.239999771118164
2018-10-31,14.477999687194824,13.630000114440918,13.630000114440918,14.1899995803833,1772800,14.1899995803833
2018-11-01,14.529999732971191,13.859999656677246,14.3100004196167,14.270000457763672,1065000,14.270000457763672
2018-11-02,15.359999656677246,14.079999923706055,14.649999618530273,14.579999923706055,819400,14.579999923706055
2018-11-05,14.65999984741211,13.819999694824219,14.65999984741211,14.329999923706055,728400,14.329999923706055
2018-11-06,14.920000076293945,13.949999809265137,14.359999656677246,14.34000015258789,910000,14.34000015258789
2018-11-07,15.385000228881836,14.274999618530273,14.489999771118164,14.460000038146973,2373800,14.460000038146973
2018-11-08,16.06999969482422,12.210000038146973,14.989999771118164,12.829999923706055,3233600,12.829999923706055
2018-11-09,14.0,12.649999618530273,12.670000076293945,13.010000228881836,1857300,13.010000228881836
2018-11-12,13.75,12.350000381469727,13.0600004196167,13.279999732971191,1101100,13.279999732971191
2018-11-13,13.539999961853027,12.210000038146973,13.239999771118164,12.239999771118164,1143700,12.239999771118164
2018-11-14,12.710000038146973,11.979999542236328,12.369999885559082,12.109999656677246,1050300,12.109999656677246
2018-11-15,12.949999809265137,12.069999694824219,12.1899995803833,12.899999618530273,660800,12.899999618530273
2018-11-16,13.359999656677246,12.550000190734863,12.84000015258789,13.239999771118164,1013400,13.239999771118164
2018-11-19,13.399999618530273,12.510000228881836,13.09000015258789,12.779999732971191,637200,12.779999732971191
2018-11-20,12.619999885559082,11.729999542236328,12.5,12.109999656677246,1189000,12.109999656677246
2018-11-21,12.619999885559082,12.109999656677246,12.239999771118164,12.569999694824219,872500,12.569999694824219
2018-11-23,13.583999633789062,12.470000267028809,12.470000267028809,13.069999694824219,759700,13.069999694824219
2018-11-26,13.569000244140625,12.789999961853027,13.199999809265137,13.529999732971191,793900,13.529999732971191
2018-11-27,13.960000038146973,13.260000228881836,13.4399995803833,13.390000343322754,678400,13.390000343322754
2018-11-28,14.09000015258789,13.0600004196167,13.470000267028809,14.0,958300,14.0
2018-11-29,14.619999885559082,13.760000228881836,14.020000457763672,13.800000190734863,843800,13.800000190734863
2018-11-30,14.079999923706055,13.479999542236328,13.739999771118164,13.930000305175781,950900,13.930000305175781
2018-12-03,14.699999809265137,14.199999809265137,14.550000190734863,14.470000267028809,973000,14.470000267028809
2018-12-04,14.710000038146973,13.069999694824219,14.329999923706055,13.220000267028809,839200,13.220000267028809
2018-12-06,13.470000267028809,12.609999656677246,12.819999694824219,13.350000381469727,747800,13.350000381469727
2018-12-07,13.586000442504883,12.229999542236328,13.210000038146973,12.350000381469727,858300,12.350000381469727
2018-12-10,12.8100004196167,12.229999542236328,12.5,12.430000305175781,759400,12.430000305175781
2018-12-11,12.960000038146973,12.244999885559082,12.649999618530273,12.449999809265137,459100,12.449999809265137
2018-12-12,12.920000076293945,12.420000076293945,12.699999809265137,12.600000381469727,485000,12.600000381469727
2018-12-13,12.899999618530273,12.329999923706055,12.640000343322754,12.470000267028809,458900,12.470000267028809
2018-12-14,12.654999732971191,11.880000114440918,12.350000381469727,12.039999961853027,644200,12.039999961853027
2018-12-17,12.0,10.904999732971191,11.899999618530273,11.0,978200,11.0
2018-12-18,11.600000381469727,11.079999923706055,11.130000114440918,11.239999771118164,959500,11.239999771118164
2018-12-19,12.180000305175781,11.404999732971191,11.489999771118164,11.640000343322754,1730100,11.640000343322754
2018-12-20,11.739999771118164,10.430000305175781,11.5600004196167,10.579999923706055,1238400,10.579999923706055
2018-12-21,10.630000114440918,9.4399995803833,10.470000267028809,9.539999961853027,3090500,9.539999961853027
2018-12-24,9.720000267028809,9.039999961853027,9.449999809265137,9.260000228881836,742900,9.260000228881836
2018-12-26,10.1899995803833,9.229999542236328,9.25,10.1899995803833,1207500,10.1899995803833
2018-12-27,10.09000015258789,9.390000343322754,10.010000228881836,10.010000228881836,916100,10.010000228881836
2018-12-28,10.470000267028809,9.84000015258789,10.039999961853027,10.180000305175781,636800,10.180000305175781
2018-12-31,11.140000343322754,10.289999961853027,10.300000190734863,11.0600004196167,1072300,11.0600004196167
2019-01-02,11.319999694824219,10.510000228881836,10.760000228881836,11.3100004196167,835600,11.3100004196167
2019-01-03,11.281000137329102,10.270000457763672,11.149999618530273,10.649999618530273,863300,10.649999618530273
2019-01-04,11.6899995803833,10.850000381469727,11.020000457763672,11.680000305175781,981600,11.680000305175781
2019-01-07,13.982000350952148,12.199999809265137,12.619999885559082,13.600000381469727,2258000,13.600000381469727
2019-01-08,14.140000343322754,12.899999618530273,13.84000015258789,13.069999694824219,1432500,13.069999694824219
2019-01-09,14.239999771118164,13.020000457763672,13.180000305175781,14.109999656677246,1080000,14.109999656677246
2019-01-10,14.5,13.75,14.010000228881836,14.25,1855900,14.25
2019-01-11,14.1899995803833,13.65999984741211,14.050000190734863,14.09000015258789,677900,14.09000015258789
2019-01-14,14.130000114440918,13.640000343322754,14.09000015258789,13.649999618530273,911600,13.649999618530273
2019-01-15,14.59000015258789,13.470000267028809,13.649999618530273,14.300000190734863,1185100,14.300000190734863
2019-01-16,15.149999618530273,14.119999885559082,14.390000343322754,14.300000190734863,1578200,14.300000190734863
2019-01-17,14.8100004196167,14.239999771118164,14.270000457763672,14.319999694824219,952400,14.319999694824219
2019-01-18,15.119999885559082,14.4399995803833,14.4399995803833,14.9399995803833,1012600,14.9399995803833
2019-01-22,15.420000076293945,14.5,14.800000190734863,14.729999542236328,1639000,14.729999542236328
2019-01-23,15.25,14.359999656677246,14.84000015258789,14.399999618530273,1345400,14.399999618530273
2019-01-24,14.649999618530273,13.760000228881836,14.4399995803833,14.430000305175781,1391400,14.430000305175781
2019-01-25,15.08899974822998,14.430000305175781,14.550000190734863,14.789999961853027,1538800,14.789999961853027
2019-01-28,14.699999809265137,13.720000267028809,14.699999809265137,13.979999542236328,1093600,13.979999542236328
2019-01-29,14.140000343322754,13.430000305175781,14.020000457763672,13.859999656677246,1334500,13.859999656677246
2019-01-30,14.229999542236328,13.770000457763672,14.100000381469727,14.0,1239700,14.0
2019-01-31,14.548999786376953,13.829999923706055,13.869999885559082,14.079999923706055,1557200,14.079999923706055
2019-02-01,14.15999984741211,13.369999885559082,14.020000457763672,13.399999618530273,1422400,13.399999618530273
2019-02-04,13.770000457763672,13.079999923706055,13.4399995803833,13.649999618530273,1460300,13.649999618530273
2019-02-05,13.899999618530273,13.0,13.630000114440918,13.289999961853027,1173900,13.289999961853027
2019-02-06,13.760000228881836,13.079999923706055,13.220000267028809,13.449999809265137,1273800,13.449999809265137
2019-02-07,13.569999694824219,13.100000381469727,13.420000076293945,13.25,919200,13.25
2019-02-08,13.920000076293945,13.220000267028809,13.300000190734863,13.890000343322754,805900,13.890000343322754
2019-02-11,15.180000305175781,13.989999771118164,13.989999771118164,14.529999732971191,2149200,14.529999732971191
2019-02-12,15.069999694824219,14.210000038146973,14.670000076293945,14.550000190734863,1054600,14.550000190734863
2019-02-13,15.949999809265137,14.420000076293945,14.5600004196167,15.649999618530273,2188000,15.649999618530273
2019-02-14,16.1299991607666,15.22599983215332,15.520000457763672,15.9399995803833,1818200,15.9399995803833
2019-02-15,16.25,15.449999809265137,15.9399995803833,16.059999465942383,1453000,16.059999465942383
2019-02-19,16.729999542236328,15.920000076293945,16.110000610351562,16.510000228881836,1924300,16.510000228881836
2019-02-20,18.84000015258789,17.40999984741211,17.56999969482422,18.760000228881836,5261100,18.760000228881836
2019-02-21,18.93899917602539,17.739999771118164,18.700000762939453,18.639999389648438,2379500,18.639999389648438
2019-02-22,19.469999313354492,18.75,18.850000381469727,19.219999313354492,1929500,19.219999313354492
2019-02-25,19.799999237060547,18.559999465942383,19.440000534057617,19.299999237060547,1932900,19.299999237060547
2019-02-26,19.8799991607666,18.905000686645508,19.040000915527344,19.610000610351562,1424000,19.610000610351562
2019-02-27,20.649999618530273,19.469999313354492,19.610000610351562,20.399999618530273,1668100,20.399999618530273
2019-02-28,20.8799991607666,19.780000686645508,20.479999542236328,20.1200008392334,2039900,20.1200008392334
2019-03-01,20.469999313354492,19.770000457763672,20.25,20.329999923706055,1433100,20.329999923706055
2019-03-04,20.875999450683594,19.520000457763672,20.68000030517578,20.3799991607666,1785700,20.3799991607666
2019-03-05,20.350000381469727,18.299999237060547,19.18000030517578,20.030000686645508,2733800,20.030000686645508
2019-03-06,20.34000015258789,19.0,19.93000030517578,19.219999313354492,5560700,19.219999313354492
2019-03-07,20.860000610351562,18.760000228881836,19.219999313354492,20.280000686645508,2495800,20.280000686645508
2019-03-08,21.31999969482422,19.360000610351562,20.030000686645508,20.84000015258789,3199500,20.84000015258789
2019-03-11,22.549999237060547,20.93000030517578,21.299999237060547,22.489999771118164,2636400,22.489999771118164
2019-03-12,23.0,21.6299991607666,22.799999237060547,22.770000457763672,2208600,22.770000457763672
2019-03-13,23.68000030517578,22.600000381469727,22.969999313354492,23.309999465942383,2130900,23.309999465942383
2019-03-14,23.690000534057617,22.65999984741211,23.219999313354492,23.440000534057617,1463500,23.440000534057617
2019-03-15,24.479999542236328,23.299999237060547,23.440000534057617,24.280000686645508,3443000,24.280000686645508
2019-03-18,25.200000762939453,23.275999069213867,24.399999618530273,24.190000534057617,2177900,24.190000534057617
2019-03-19,24.90999984741211,24.0,24.290000915527344,24.68000030517578,1494200,24.68000030517578
2019-03-20,25.329999923706055,24.43600082397461,24.75,25.040000915527344,1429300,25.040000915527344
2019-03-21,25.760000228881836,24.780000686645508,24.899999618530273,25.75,1252400,25.75
2019-03-22,25.729999542236328,23.5,25.530000686645508,23.549999237060547,3394700,23.549999237060547
2019-03-25,25.670000076293945,23.020000457763672,23.3700008392334,24.290000915527344,2258600,24.290000915527344
2019-03-26,24.610000610351562,22.739999771118164,24.219999313354492,23.459999084472656,2045800,23.459999084472656
2019-03-27,23.3799991607666,21.229999542236328,23.3700008392334,22.3700008392334,2388800,22.3700008392334
2019-03-28,23.229999542236328,22.350000381469727,22.520000457763672,22.969999313354492,1453100,22.969999313354492
2019-03-29,23.440000534057617,22.780000686645508,23.200000762939453,23.420000076293945,1472500,23.420000076293945
2019-04-01,24.68000030517578,23.18000030517578,23.850000381469727,23.600000381469727,1286500,23.600000381469727
2019-04-02,23.56999969482422,22.59000015258789,23.450000762939453,23.239999771118164,1400300,23.239999771118164
2019-04-03,24.799999237060547,23.09000015258789,23.5,24.1299991607666,1639300,24.1299991607666
2019-04-04,24.329999923706055,22.940000534057617,24.0,23.579999923706055,1395700,23.579999923706055
2019-04-05,25.420000076293945,23.530000686645508,23.6200008392334,24.889999389648438,2209300,24.889999389648438
2019-04-08,25.100000381469727,24.059999465942383,24.889999389648438,24.56999969482422,1559500,24.56999969482422
2019-04-09,25.44499969482422,24.459999084472656,24.610000610351562,25.15999984741211,1660700,25.15999984741211
2019-04-10,26.312999725341797,24.90999984741211,25.18000030517578,26.270000457763672,1476400,26.270000457763672
2019-04-11,26.770000457763672,25.600000381469727,26.440000534057617,26.1200008392334,1444800,26.1200008392334
2019-04-12,26.56999969482422,25.704999923706055,26.260000228881836,26.139999389648438,909700,26.139999389648438
2019-04-15,26.350000381469727,24.219999313354492,26.110000610351562,25.049999237060547,1694000,25.049999237060547
2019-04-16,25.649999618530273,24.559999465942383,25.229999542236328,24.739999771118164,989500,24.739999771118164
2019-04-17,24.950000762939453,22.40999984741211,24.729999542236328,22.56999969482422,2802600,22.56999969482422
2019-04-18,23.25,21.479999542236328,22.350000381469727,22.84000015258789,2199200,22.84000015258789
2019-04-22,23.389999389648438,22.200000762939453,22.700000762939453,22.790000915527344,1230800,22.790000915527344
2019-04-23,23.969999313354492,22.690000534057617,23.18000030517578,23.6299991607666,2376800,23.6299991607666
2019-04-24,23.899999618530273,23.110000610351562,23.760000228881836,23.5,1074400,23.5
2019-04-25,23.5,22.639999389648438,23.309999465942383,23.170000076293945,1040300,23.170000076293945
2019-04-26,23.959999084472656,22.90999984741211,23.270000457763672,23.84000015258789,1253400,23.84000015258789
2019-04-29,24.959999084472656,23.8700008392334,23.969999313354492,24.670000076293945,1433000,24.670000076293945
2019-04-30,24.920000076293945,23.3799991607666,24.770000457763672,23.6200008392334,1206100,23.6200008392334
2019-05-01,24.299999237060547,23.15999984741211,23.739999771118164,23.510000228881836,1151000,23.510000228881836
2019-05-02,24.2450008392334,23.108999252319336,23.329999923706055,24.15999984741211,1107500,24.15999984741211
2019-05-03,24.780000686645508,23.81999969482422,24.25,24.760000228881836,950000,24.760000228881836
2019-05-06,25.43000030517578,23.780000686645508,23.780000686645508,25.020000457763672,1550600,25.020000457763672
2019-05-07,25.049999237060547,23.600000381469727,24.93000030517578,23.860000610351562,1943600,23.860000610351562
2019-05-08,21.1200008392334,19.0,19.280000686645508,19.049999237060547,8765300,19.049999237060547
2019-05-09,19.989999771118164,18.299999237060547,19.149999618530273,19.469999313354492,3333300,19.469999313354492
2019-05-10,19.81999969482422,18.459999084472656,19.399999618530273,19.690000534057617,2420100,19.690000534057617
2019-05-13,19.479999542236328,18.139999389648438,18.829999923706055,18.190000534057617,2012000,18.190000534057617
2019-05-14,19.149999618530273,18.299999237060547,18.299999237060547,18.600000381469727,1769300,18.600000381469727
2019-05-15,19.079999923706055,18.149999618530273,18.360000610351562,18.989999771118164,1283800,18.989999771118164
2019-05-16,19.399999618530273,18.174999237060547,19.040000915527344,18.309999465942383,1638500,18.309999465942383
2019-05-17,18.454999923706055,17.799999237060547,18.100000381469727,18.049999237060547,1863100,18.049999237060547
2019-05-20,18.139999389648438,17.360000610351562,17.770000457763672,17.770000457763672,1839700,17.770000457763672
2019-05-21,18.489999771118164,17.860000610351562,17.860000610351562,18.420000076293945,1110100,18.420000076293945
2019-05-22,18.572999954223633,17.899999618530273,18.239999771118164,18.020000457763672,778600,18.020000457763672
2019-05-23,18.010000228881836,17.229999542236328,17.940000534057617,17.610000610351562,1138900,17.610000610351562
2019-05-24,17.93000030517578,17.389999389648438,17.780000686645508,17.43000030517578,966600,17.43000030517578
2019-05-28,17.865999221801758,17.3799991607666,17.5,17.6299991607666,1064600,17.6299991607666
2019-05-29,17.510000228881836,17.020000457763672,17.459999084472656,17.3700008392334,1078400,17.3700008392334
2019-05-30,18.219999313354492,17.5,17.510000228881836,17.889999389648438,1109200,17.889999389648438
2019-05-31,18.020000457763672,17.219999313354492,17.40999984741211,17.450000762939453,910200,17.450000762939453
2019-06-03,18.25,17.43000030517578,17.56999969482422,17.770000457763672,1198100,17.770000457763672
2019-06-04,18.5,17.40999984741211,18.049999237060547,18.5,1204900,18.5
2019-06-05,18.80500030517578,17.90999984741211,18.780000686645508,18.610000610351562,1168700,18.610000610351562
2019-06-06,18.610000610351562,18.110000610351562,18.600000381469727,18.260000228881836,1159900,18.260000228881836
2019-06-07,19.040000915527344,18.09000015258789,18.299999237060547,18.920000076293945,1414600,18.920000076293945
2019-06-10,20.440000534057617,18.850000381469727,18.899999618530273,19.90999984741211,2460300,19.90999984741211
2019-06-11,20.479999542236328,18.510000228881836,20.329999923706055,19.229999542236328,2031600,19.229999542236328
2019-06-12,19.579999923706055,18.809999465942383,19.18000030517578,19.079999923706055,998600,19.079999923706055
2019-06-13,19.690000534057617,18.780000686645508,19.219999313354492,19.690000534057617,1192200,19.690000534057617
2019-06-14,19.625,19.010000228881836,19.6200008392334,19.229999542236328,796700,19.229999542236328
2019-06-17,20.8799991607666,18.610000610351562,19.0,20.520000457763672,1512700,20.520000457763672
2019-06-18,21.239999771118164,20.450000762939453,20.75,21.209999084472656,1376400,21.209999084472656
2019-06-19,21.469999313354492,20.770000457763672,21.25,21.309999465942383,1293200,21.309999465942383
2019-06-20,22.3799991607666,21.25,21.799999237060547,21.559999465942383,1284200,21.559999465942383
2019-06-21,21.6200008392334,20.049999237060547,21.360000610351562,21.549999237060547,3781200,21.549999237060547
2019-06-24,21.739999771118164,20.489999771118164,21.6200008392334,20.530000686645508,1442700,20.530000686645508
2019-06-25,21.200000762939453,20.399999618530273,20.780000686645508,20.65999984741211,1153900,20.65999984741211
2019-06-26,21.170000076293945,19.0,20.75,20.18000030517578,1038100,20.18000030517578
2019-06-27,21.579999923706055,20.270000457763672,20.270000457763672,21.549999237060547,1079200,21.549999237060547
2019-06-28,23.979999542236328,21.540000915527344,21.540000915527344,23.5,10807400,23.5
2019-07-01,24.299999237060547,23.350000381469727,24.059999465942383,23.790000915527344,2058100,23.790000915527344
2019-07-02,23.885000228881836,22.690000534057617,23.84000015258789,23.100000381469727,1655200,23.100000381469727
2019-07-03,24.270000457763672,22.84600067138672,23.190000534057617,24.270000457763672,936300,24.270000457763672
2019-07-05,24.31999969482422,23.44499969482422,24.270000457763672,23.889999389648438,1095300,23.889999389648438
2019-07-08,24.09000015258789,23.149999618530273,23.860000610351562,23.75,1269900,23.75
2019-07-09,24.030000686645508,23.31100082397461,23.549999237060547,24.030000686645508,1396600,24.030000686645508
2019-07-10,24.790000915527344,23.25,24.190000534057617,23.3799991607666,2734900,23.3799991607666
2019-07-11,23.469999313354492,22.510000228881836,23.469999313354492,23.020000457763672,1304100,23.020000457763672
2019-07-12,23.399999618530273,22.559999465942383,23.030000686645508,22.6200008392334,1214700,22.6200008392334
2019-07-15,22.770000457763672,22.135000228881836,22.670000076293945,22.700000762939453,1107500,22.700000762939453
2019-07-16,22.8799991607666,21.459999084472656,22.790000915527344,22.520000457763672,1226000,22.520000457763672
2019-07-17,24.260000228881836,22.020000457763672,22.420000076293945,23.440000534057617,3929400,23.440000534057617
2019-07-18,24.940000534057617,23.100000381469727,23.5,24.780000686645508,3347100,24.780000686645508
2019-07-19,24.959999084472656,24.040000915527344,24.780000686645508,24.219999313354492,1572700,24.219999313354492
2019-07-22,24.9060001373291,24.059999465942383,24.5,24.479999542236328,1700400,24.479999542236328
2019-07-23,24.729999542236328,23.829999923706055,24.719999313354492,24.469999313354492,1392100,24.469999313354492
2019-07-24,26.034000396728516,23.860000610351562,24.25,25.010000228881836,3291400,25.010000228881836
2019-07-25,25.209999084472656,24.149999618530273,24.90999984741211,24.18000030517578,1561700,24.18000030517578
2019-07-26,25.940000534057617,24.290000915527344,24.329999923706055,25.65999984741211,2078600,25.65999984741211
2019-07-29,26.360000610351562,24.549999237060547,25.969999313354492,25.760000228881836,2014300,25.760000228881836
2019-07-30,27.209999084472656,25.15999984741211,25.40999984741211,27.18000030517578,2592600,27.18000030517578
2019-07-31,28.3799991607666,25.979999542236328,27.010000228881836,26.889999389648438,4656500,26.889999389648438
2019-08-01,28.309999465942383,26.290000915527344,27.0,27.170000076293945,2863100,27.170000076293945
2019-08-02,27.34000015258789,25.040000915527344,27.0,25.969999313354492,2080000,25.969999313354492
2019-08-05,25.299999237060547,23.68000030517578,25.040000915527344,24.280000686645508,2348600,24.280000686645508
2019-08-06,25.25,24.059999465942383,24.530000686645508,24.90999984741211,2938800,24.90999984741211
2019-08-07,28.75,25.760000228881836,28.0,26.790000915527344,6295000,26.790000915527344
2019-08-08,27.670000076293945,26.100000381469727,26.34000015258789,27.5,2288900,27.5
2019-08-09,27.549999237060547,25.93000030517578,27.450000762939453,26.149999618530273,2096000,26.149999618530273
2019-08-12,25.899999618530273,24.780000686645508,25.81999969482422,24.829999923706055,1612200,24.829999923706055
2019-08-13,26.489999771118164,24.510000228881836,24.65999984741211,26.270000457763672,1621100,26.270000457763672
2019-08-14,25.81999969482422,23.8799991607666,25.5,24.350000381469727,2324000,24.350000381469727
2019-08-15,24.867000579833984,23.8799991607666,24.3700008392334,24.56999969482422,1503600,24.56999969482422
2019-08-16,25.270000457763672,24.5,24.700000762939453,25.170000076293945,1617600,25.170000076293945
2019-08-19,26.270000457763672,25.299999237060547,25.510000228881836,25.770000457763672,1574100,25.770000457763672
2019-08-20,25.959999084472656,25.09000015258789,25.700000762939453,25.760000228881836,1601600,25.760000228881836
2019-08-21,27.399999618530273,26.030000686645508,26.510000228881836,26.450000762939453,3234400,26.450000762939453
2019-08-22,26.61199951171875,24.309999465942383,26.459999084472656,24.43000030517578,3020700,24.43000030517578
2019-08-23,25.299999237060547,23.780000686645508,24.260000228881836,24.0,2320700,24.0
2019-08-26,25.0,23.540000915527344,24.450000762939453,24.969999313354492,1885100,24.969999313354492
2019-08-27,25.43000030517578,23.420000076293945,25.170000076293945,23.940000534057617,1878500,23.940000534057617
2019-08-28,24.229999542236328,23.284000396728516,23.6200008392334,23.899999618530273,1193900,23.899999618530273
2019-08-29,24.700000762939453,23.707000732421875,24.040000915527344,24.18000030517578,1512800,24.18000030517578
2019-08-30,24.5,23.434999465942383,24.0,24.260000228881836,2236800,24.260000228881836
2019-09-03,24.219999313354492,22.520000457763672,23.989999771118164,22.670000076293945,1382400,22.670000076293945
2019-09-04,23.329999923706055,22.299999237060547,23.0,23.25,1725000,23.25
2019-09-05,22.854000091552734,21.0,22.239999771118164,21.239999771118164,6530900,21.239999771118164
2019-09-06,21.790000915527344,20.770000457763672,21.229999542236328,21.5,6623200,21.5
2019-09-09,21.600000381469727,20.43000030517578,21.600000381469727,20.540000915527344,3857000,20.540000915527344
2019-09-10,20.989999771118164,19.56999969482422,20.270000457763672,20.350000381469727,3423800,20.350000381469727
2019-09-11,21.36199951171875,20.049999237060547,20.200000762939453,21.260000228881836,2880100,21.260000228881836
2019-09-12,21.950000762939453,20.65999984741211,21.309999465942383,21.899999618530273,2798600,21.899999618530273
2019-09-13,22.260000228881836,21.40999984741211,21.729999542236328,21.68000030517578,2026300,21.68000030517578
2019-09-16,21.95400047302246,21.25,21.6200008392334,21.790000915527344,1308200,21.790000915527344
2019-09-17,21.959999084472656,21.1200008392334,21.790000915527344,21.489999771118164,1137800,21.489999771118164
2019-09-18,21.868000030517578,20.84000015258789,21.559999465942383,21.40999984741211,1338700,21.40999984741211
2019-09-19,21.850000381469727,21.059999465942383,21.149999618530273,21.139999389648438,1861400,21.139999389648438
2019-09-20,21.770000457763672,20.979999542236328,21.110000610351562,21.639999389648438,1844100,21.639999389648438
2019-09-23,21.969999313354492,20.850000381469727,21.600000381469727,20.969999313354492,1244200,20.969999313354492
2019-09-24,21.14699935913086,19.809999465942383,20.950000762939453,20.40999984741211,2186000,20.40999984741211
2019-09-25,20.46500015258789,19.520000457763672,20.299999237060547,19.670000076293945,1894800,19.670000076293945
2019-09-26,19.899999618530273,18.920000076293945,19.770000457763672,19.239999771118164,2127600,19.239999771118164
2019-09-27,19.650999069213867,18.760000228881836,19.270000457763672,18.850000381469727,1656100,18.850000381469727
2019-09-30,19.540000915527344,18.350000381469727,18.950000762939453,19.270000457763672,1615700,19.270000457763672
2019-10-01,19.739999771118164,17.8799991607666,19.18000030517578,18.229999542236328,2132500,18.229999542236328
2019-10-02,18.540000915527344,17.479999542236328,18.0,18.450000762939453,1641100,18.450000762939453
2019-10-03,19.209999084472656,17.829999923706055,18.450000762939453,19.1299991607666,1444500,19.1299991607666
2019-10-04,19.479999542236328,18.600000381469727,19.239999771118164,19.469999313354492,1216700,19.469999313354492
2019-10-07,19.84000015258789,19.059999465942383,19.15999984741211,19.559999465942383,1384400,19.559999465942383
2019-10-08,19.325000762939453,18.34000015258789,19.280000686645508,18.56999969482422,1307300,18.56999969482422
2019-10-09,19.0,18.43000030517578,18.760000228881836,18.899999618530273,1595200,18.899999618530273
2019-10-10,19.160999298095703,18.40999984741211,18.809999465942383,18.549999237060547,1210900,18.549999237060547
2019-10-11,19.329999923706055,17.920000076293945,18.8799991607666,17.989999771118164,3482000,17.989999771118164
2019-10-14,18.295000076293945,17.049999237060547,17.760000228881836,18.020000457763672,2239100,18.020000457763672
2019-10-15,18.719999313354492,18.1200008392334,18.299999237060547,18.549999237060547,1583300,18.549999237060547
2019-10-16,18.489999771118164,18.0,18.360000610351562,18.200000762939453,1368500,18.200000762939453
2019-10-17,18.475000381469727,17.780000686645508,18.299999237060547,18.260000228881836,1571100,18.260000228881836
2019-10-18,18.15999984741211,16.860000610351562,18.049999237060547,17.40999984741211,2412800,17.40999984741211
2019-10-21,17.770000457763672,17.059999465942383,17.40999984741211,17.739999771118164,1969900,17.739999771118164
2019-10-22,18.010000228881836,16.700000762939453,17.969999313354492,16.889999389648438,2113600,16.889999389648438
2019-10-23,17.170000076293945,16.1200008392334,16.81999969482422,16.280000686645508,2227800,16.280000686645508
2019-10-24,16.795000076293945,16.049999237060547,16.350000381469727,16.690000534057617,1076900,16.690000534057617
2019-10-25,16.8799991607666,16.360000610351562,16.540000915527344,16.829999923706055,1143400,16.829999923706055
2019-10-28,17.920000076293945,16.860000610351562,16.93000030517578,17.729999542236328,1669000,17.729999542236328
2019-10-29,17.920000076293945,16.75,17.860000610351562,16.989999771118164,1538900,16.989999771118164
2019-10-30,17.09000015258789,16.309999465942383,16.989999771118164,16.739999771118164,2047100,16.739999771118164
2019-10-31,16.979999542236328,15.970000267028809,16.700000762939453,16.110000610351562,1702200,16.110000610351562
2019-11-01,16.90999984741211,16.079999923706055,16.200000762939453,16.729999542236328,1436200,16.729999542236328
2019-11-04,17.040000915527344,15.949999809265137,16.969999313354492,16.34000015258789,1949000,16.34000015258789
2019-11-05,16.739999771118164,16.059999465942383,16.399999618530273,16.280000686645508,2047100,16.280000686645508
2019-11-06,16.43000030517578,15.800000190734863,16.280000686645508,15.859999656677246,2361300,15.859999656677246
2019-11-07,16.59000015258789,14.347999572753906,16.299999237060547,15.020000457763672,4884600,15.020000457763672
2019-11-08,16.80500030517578,14.729999542236328,14.920000076293945,16.780000686645508,3236800,16.780000686645508
2019-11-11,18.1200008392334,16.31999969482422,16.780000686645508,17.790000915527344,3003600,17.790000915527344
2019-11-12,18.020000457763672,16.729999542236328,17.6299991607666,17.239999771118164,2112300,17.239999771118164
2019-11-13,17.530000686645508,16.85300064086914,17.110000610351562,17.3799991607666,986200,17.3799991607666
2019-11-14,17.690000534057617,17.010000228881836,17.3799991607666,17.389999389648438,1062600,17.389999389648438
2019-11-15,19.190000534057617,17.940000534057617,18.040000915527344,18.719999313354492,4104500,18.719999313354492
2019-11-18,18.889999389648438,17.600000381469727,18.729999542236328,18.260000228881836,2207300,18.260000228881836
2019-11-19,19.729999542236328,18.34000015258789,18.780000686645508,19.399999618530273,2635400,19.399999618530273
2019-11-20,19.5,18.510000228881836,19.200000762939453,19.18000030517578,1679600,19.18000030517578
2019-11-21,19.6200008392334,18.940000534057617,19.209999084472656,19.6200008392334,1130100,19.6200008392334
2019-11-22,19.899999618530273,19.209999084472656,19.600000381469727,19.56999969482422,1037000,19.56999969482422
2019-11-25,20.579999923706055,19.600000381469727,19.780000686645508,20.56999969482422,1471500,20.56999969482422
2019-11-26,20.790000915527344,19.899999618530273,20.670000076293945,20.190000534057617,1195000,20.190000534057617
2019-11-27,20.479999542236328,20.0,20.290000915527344,20.209999084472656,888800,20.209999084472656
2019-11-29,20.149999618530273,19.399999618530273,20.040000915527344,19.899999618530273,880500,19.899999618530273
2019-12-02,19.940000534057617,18.469999313354492,19.889999389648438,18.81999969482422,1553800,18.81999969482422
2019-12-03,19.190000534057617,18.2810001373291,18.5,19.059999465942383,2267000,19.059999465942383
2019-12-04,19.326000213623047,17.5,19.219999313354492,17.790000915527344,2187800,17.790000915527344
2019-12-05,17.770000457763672,16.90999984741211,17.56999969482422,17.049999237060547,2056500,17.049999237060547
2019-12-06,17.84000015258789,16.90999984741211,17.190000534057617,17.690000534057617,1390500,17.690000534057617
2019-12-09,17.989999771118164,17.059999465942383,17.75,17.09000015258789,1187800,17.09000015258789
2019-12-10,17.760000228881836,16.75,17.489999771118164,17.719999313354492,1411200,17.719999313354492
2019-12-11,17.9689998626709,16.649999618530273,17.780000686645508,16.729999542236328,1494400,16.729999542236328
2019-12-12,17.149999618530273,16.40999984741211,16.56999969482422,17.030000686645508,1545200,17.030000686645508
2019-12-13,17.239999771118164,16.825000762939453,16.940000534057617,17.15999984741211,885000,17.15999984741211
2019-12-16,17.6200008392334,16.559999465942383,17.219999313354492,16.770000457763672,1992400,16.770000457763672
2019-12-17,17.350000381469727,16.139999389648438,16.93000030517578,17.260000228881836,1567200,17.260000228881836
2019-12-18,17.559999465942383,16.700000762939453,17.219999313354492,17.170000076293945,1541300,17.170000076293945
2019-12-19,17.420000076293945,16.829999923706055,17.18000030517578,16.940000534057617,1374500,16.940000534057617
2019-12-20,17.040000915527344,15.960000038146973,16.950000762939453,16.329999923706055,4868300,16.329999923706055
2019-12-23,16.631000518798828,15.869999885559082,16.43000030517578,16.579999923706055,2355600,16.579999923706055
2019-12-24,17.079999923706055,16.30500030517578,16.610000610351562,16.959999084472656,676400,16.959999084472656
2019-12-26,16.969999313354492,16.110000610351562,16.969999313354492,16.1200008392334,1391400,16.1200008392334
2019-12-27,16.510000228881836,16.040000915527344,16.100000381469727,16.170000076293945,1182900,16.170000076293945
2019-12-30,16.190000534057617,15.239999771118164,16.110000610351562,15.4399995803833,1412200,15.4399995803833
2019-12-31,16.239999771118164,15.109999656677246,15.289999961853027,16.1299991607666,1854000,16.1299991607666
2020-01-02,16.5,15.789999961853027,16.399999618530273,16.350000381469727,1364700,16.350000381469727
2020-01-03,16.299999237060547,15.649999618530273,15.899999618530273,16.1200008392334,1384400,16.1200008392334
2020-01-06,16.18000030517578,15.609999656677246,15.800000190734863,16.049999237060547,1472000,16.049999237060547
2020-01-07,16.290000915527344,15.710000038146973,16.1299991607666,15.779999732971191,1825700,15.779999732971191
2020-01-08,16.530000686645508,15.609999656677246,15.819999694824219,16.260000228881836,1700300,16.260000228881836
2020-01-09,17.100000381469727,16.31999969482422,16.510000228881836,16.549999237060547,1742100,16.549999237060547
2020-01-10,17.1200008392334,16.464000701904297,16.670000076293945,16.719999313354492,2047500,16.719999313354492
2020-01-13,18.790000915527344,17.5,17.729999542236328,18.3799991607666,5164600,18.3799991607666
2020-01-14,18.389999389648438,17.760000228881836,18.3799991607666,18.219999313354492,2424800,18.219999313354492
2020-01-15,19.610000610351562,18.18000030517578,18.260000228881836,19.579999923706055,3133200,19.579999923706055
2020-01-16,20.375,19.040000915527344,19.850000381469727,20.260000228881836,3256300,20.260000228881836
2020-01-17,20.399999618530273,19.5,20.350000381469727,19.6299991607666,2328400,19.6299991607666
2020-01-21,19.770000457763672,18.540000915527344,19.5,18.75,2175500,18.75
2020-01-22,19.09000015258789,18.459999084472656,18.760000228881836,18.75,1193600,18.75
2020-01-23,18.719999313354492,18.149999618530273,18.709999084472656,18.5,1411800,18.5
2020-01-24,18.969999313354492,18.1200008392334,18.5,18.350000381469727,1993300,18.350000381469727
2020-01-27,18.6200008392334,17.260000228881836,17.489999771118164,18.15999984741211,2487500,18.15999984741211
2020-01-28,18.899999618530273,18.25,18.450000762939453,18.739999771118164,1762500,18.739999771118164
2020-01-29,20.239999771118164,18.760000228881836,18.760000228881836,20.010000228881836,2394500,20.010000228881836
2020-01-30,20.229999542236328,19.048999786376953,19.700000762939453,19.559999465942383,2016700,19.559999465942383
2020-01-31,19.479999542236328,18.190000534057617,19.389999389648438,18.649999618530273,2172500,18.649999618530273
2020-02-03,18.945999145507812,18.149999618530273,18.809999465942383,18.81999969482422,1237900,18.81999969482422
2020-02-04,19.489999771118164,18.940000534057617,19.219999313354492,19.309999465942383,1329500,19.309999465942383
2020-02-05,19.8799991607666,19.302000045776367,19.520000457763672,19.59000015258789,1225500,19.59000015258789
2020-02-06,23.389999389648438,19.309999465942383,19.799999237060547,22.15999984741211,11347500,22.15999984741211
2020-02-07,24.1200008392334,22.219999313354492,23.469999313354492,22.989999771118164,13071500,22.989999771118164
2020-02-10,24.350000381469727,22.940000534057617,24.1200008392334,24.170000076293945,5537500,24.170000076293945
2020-02-11,25.350000381469727,24.343000411987305,25.100000381469727,24.6200008392334,4589100,24.6200008392334
2020-02-12,25.847999572753906,24.4950008392334,25.0,25.770000457763672,3331300,25.770000457763672
2020-02-13,27.1200008392334,25.261999130249023,25.530000686645508,26.25,3863500,26.25
2020-02-14,27.31999969482422,26.139999389648438,26.690000534057617,27.040000915527344,3432000,27.040000915527344
2020-02-18,27.700000762939453,26.139999389648438,27.280000686645508,27.25,3521300,27.25
2020-02-19,28.0,26.81999969482422,27.520000457763672,27.5,4756900,27.5
2020-02-20,24.889999389648438,23.270000457763672,24.780000686645508,23.81999969482422,10019800,23.81999969482422
2020-02-21,23.59000015258789,22.417999267578125,23.110000610351562,23.100000381469727,5229600,23.100000381469727
2020-02-24,22.520000457763672,21.40999984741211,21.770000457763672,22.100000381469727,4421100,22.100000381469727
2020-02-25,22.950000762939453,20.780000686645508,22.950000762939453,21.139999389648438,3638200,21.139999389648438
2020-02-26,21.729999542236328,20.190000534057617,21.040000915527344,20.75,3164500,20.75
2020-02-27,21.079999923706055,19.40999984741211,19.899999618530273,20.229999542236328,3885100,20.229999542236328
2020-02-28,20.489999771118164,18.825000762939453,19.15999984741211,20.3799991607666,4283800,20.3799991607666
2020-03-02,20.75,19.030000686645508,20.68000030517578,20.100000381469727,3086400,20.100000381469727
2020-03-03,20.889999389648438,18.850000381469727,20.290000915527344,19.489999771118164,2940700,19.489999771118164
2020-03-04,20.8700008392334,19.510000228881836,19.780000686645508,20.850000381469727,2727100,20.850000381469727
2020-03-05,21.094999313354492,19.549999237060547,20.209999084472656,20.040000915527344,2622100,20.040000915527344
2020-03-06,19.799999237060547,18.25,19.299999237060547,18.6299991607666,3110100,18.6299991607666
2020-03-09,18.15999984741211,16.0,16.540000915527344,16.670000076293945,3430200,16.670000076293945
2020-03-10,17.8799991607666,16.010000228881836,17.520000457763672,17.850000381469727,3951100,17.850000381469727
2020-03-11,17.719999313354492,15.84000015258789,17.309999465942383,15.850000381469727,4375000,15.850000381469727
2020-03-12,14.510000228881836,11.84000015258789,14.510000228881836,11.880000114440918,6304500,11.880000114440918
2020-03-13,13.239999771118164,11.0,13.210000038146973,12.229999542236328,5551600,12.229999542236328
2020-03-16,11.09000015258789,9.75,10.5,9.920000076293945,4770300,9.920000076293945
2020-03-17,10.359999656677246,8.520000457763672,10.079999923706055,9.75,5805600,9.75
2020-03-18,9.569999694824219,7.579999923706055,9.0,7.639999866485596,4233900,7.639999866485596
2020-03-19,10.170000076293945,7.414999961853027,7.650000095367432,9.789999961853027,4114900,9.789999961853027
2020-03-20,11.3100004196167,9.649999618530273,10.609999656677246,10.149999618530273,3422100,10.149999618530273
2020-03-23,10.699999809265137,9.529999732971191,10.020000457763672,10.079999923706055,2465100,10.079999923706055
2020-03-24,12.239999771118164,10.75,11.09000015258789,12.149999618530273,3000500,12.149999618530273
2020-03-25,15.350000381469727,12.5,12.680000305175781,14.640000343322754,4347700,14.640000343322754
2020-03-26,17.68000030517578,14.0,14.050000190734863,16.34000015258789,3952200,16.34000015258789
2020-03-27,15.930000305175781,14.0,15.15999984741211,14.09000015258789,3463300,14.09000015258789
2020-03-30,14.880000114440918,13.130000114440918,14.220000267028809,14.1899995803833,3601500,14.1899995803833
2020-03-31,14.760000228881836,13.270000457763672,14.220000267028809,13.670000076293945,1869600,13.670000076293945
2020-04-01,13.270000457763672,11.699999809265137,12.569999694824219,11.710000038146973,2341500,11.710000038146973
2020-04-02,13.25,10.022000312805176,10.390000343322754,12.649999618530273,6764300,12.649999618530273
2020-04-03,13.430000305175781,12.414999961853027,12.539999961853027,12.619999885559082,3073200,12.619999885559082
2020-04-06,13.65999984741211,12.600000381469727,13.630000114440918,13.229999542236328,3569400,13.229999542236328
2020-04-07,14.399999618530273,12.739999771118164,14.1899995803833,12.770000457763672,2819900,12.770000457763672
2020-04-08,13.569999694824219,12.890000343322754,13.279999732971191,13.529999732971191,1819400,13.529999732971191
2020-04-09,14.239999771118164,13.020000457763672,13.859999656677246,13.289999961853027,2221800,13.289999961853027
2020-04-13,13.289999961853027,12.420000076293945,13.289999961853027,13.020000457763672,1950100,13.020000457763672
2020-04-14,14.579999923706055,13.380000114440918,13.420000076293945,14.3100004196167,2545400,14.3100004196167
2020-04-15,14.319999694824219,13.34000015258789,13.510000228881836,13.5600004196167,2359800,13.5600004196167
2020-04-16,13.90999984741211,13.406000137329102,13.569999694824219,13.890000343322754,1940400,13.890000343322754
2020-04-17,14.90999984741211,14.130000114440918,14.5,14.770000457763672,2104900,14.770000457763672
2020-04-20,15.859999656677246,14.329999923706055,14.5,15.390000343322754,3401600,15.390000343322754
2020-04-21,15.630000114440918,14.579000473022461,15.119999885559082,15.239999771118164,2336800,15.239999771118164
2020-04-22,16.68000030517578,15.289999961853027,15.739999771118164,16.440000534057617,1582600,16.440000534057617
2020-04-23,17.049999237060547,15.579999923706055,16.59000015258789,15.619999885559082,4041800,15.619999885559082
2020-04-24,16.690000534057617,15.619999885559082,15.760000228881836,16.440000534057617,1832700,16.440000534057617
2020-04-27,18.549999237060547,16.719999313354492,16.790000915527344,17.709999084472656,2816200,17.709999084472656
2020-04-28,18.450000762939453,16.385000228881836,18.3799991607666,16.90999984741211,2628900,16.90999984741211
2020-04-29,17.7189998626709,16.780000686645508,17.489999771118164,17.489999771118164,2105800,17.489999771118164
2020-04-30,17.459999084472656,16.5,17.25,16.549999237060547,1664400,16.549999237060547
2020-05-01,16.469999313354492,15.020000457763672,16.0,15.399999618530273,2448900,15.399999618530273
2020-05-04,16.239999771118164,14.84000015258789,15.09000015258789,16.209999084472656,2280500,16.209999084472656
2020-05-05,17.09000015258789,16.450000762939453,16.799999237060547,16.670000076293945,2477700,16.670000076293945
2020-05-06,17.3700008392334,15.640000343322754,16.979999542236328,16.31999969482422,2842600,16.31999969482422
2020-05-07,16.719999313354492,15.829999923706055,16.68000030517578,16.1200008392334,1930700,16.1200008392334
2020-05-08,17.239999771118164,16.030000686645508,16.3799991607666,17.15999984741211,1660600,17.15999984741211
2020-05-11,18.0,16.860000610351562,17.100000381469727,17.850000381469727,2058000,17.850000381469727
2020-05-12,18.829999923706055,17.37299919128418,18.059999465942383,17.530000686645508,2818200,17.530000686645508
2020-05-13,17.729999542236328,15.5,17.559999465942383,16.110000610351562,2397600,16.110000610351562
2020-05-14,16.329999923706055,15.119999885559082,15.600000381469727,15.569999694824219,2201200,15.569999694824219
2020-05-15,16.5,15.119999885559082,15.539999961853027,16.479999542236328,1806900,16.479999542236328
2020-05-18,17.579999923706055,16.760000228881836,17.200000762939453,17.1299991607666,2012500,17.1299991607666
2020-05-19,17.270000457763672,15.989999771118164,17.0,16.020000457763672,1923300,16.020000457763672
2020-05-20,16.899999618530273,16.1299991607666,16.3700008392334,16.739999771118164,2273000,16.739999771118164
2020-05-21,16.959999084472656,16.040000915527344,16.760000228881836,16.739999771118164,1565300,16.739999771118164
2020-05-22,17.739999771118164,16.559999465942383,16.760000228881836,17.510000228881836,1956300,17.510000228881836
2020-05-26,18.0,16.5,17.940000534057617,16.540000915527344,2525500,16.540000915527344
2020-05-27,17.170000076293945,16.040000915527344,16.739999771118164,17.1200008392334,2017200,17.1200008392334
2020-05-28,17.8799991607666,16.600000381469727,17.170000076293945,17.139999389648438,2538900,17.139999389648438
2020-05-29,17.489999771118164,16.030000686645508,17.100000381469727,16.81999969482422,2936000,16.81999969482422
2020-06-01,17.81999969482422,16.559999465942383,16.75,17.450000762939453,2328400,17.450000762939453
2020-06-02,17.864999771118164,17.079999923706055,17.6299991607666,17.579999923706055,1601100,17.579999923706055
2020-06-03,18.600000381469727,17.43000030517578,17.6299991607666,17.549999237060547,2145700,17.549999237060547
2020-06-04,17.799999237060547,16.551000595092773,17.5,16.670000076293945,1865300,16.670000076293945
2020-06-05,17.829999923706055,16.899999618530273,17.219999313354492,17.34000015258789,2180600,17.34000015258789
2020-06-08,18.100000381469727,17.020000457763672,17.75,17.450000762939453,1924900,17.450000762939453
2020-06-09,18.34000015258789,17.21500015258789,17.260000228881836,17.729999542236328,2036100,17.729999542236328
2020-06-10,18.700000762939453,17.600000381469727,17.950000762939453,17.639999389648438,2054000,17.639999389648438
2020-06-11,17.0,15.614999771118164,16.760000228881836,15.779999732971191,3835800,15.779999732971191
2020-06-12,16.489999771118164,15.220000267028809,16.34000015258789,16.170000076293945,2239100,16.170000076293945
2020-06-15,17.309999465942383,15.449999809265137,15.609999656677246,17.059999465942383,2327200,17.059999465942383
2020-06-16,18.09000015258789,16.8700008392334,17.700000762939453,17.709999084472656,2365100,17.709999084472656
2020-06-17,18.030000686645508,17.34000015258789,17.81999969482422,17.469999313354492,1309000,17.469999313354492
2020-06-18,18.149999618530273,17.3700008392334,17.40999984741211,17.690000534057617,1532600,17.690000534057617
2020-06-19,18.749000549316406,17.850000381469727,17.920000076293945,18.709999084472656,5565400,18.709999084472656
2020-06-22,27.770000457763672,21.5,22.020000457763672,27.049999237060547,28120300,27.049999237060547
2020-06-23,30.229999542236328,25.8700008392334,26.290000915527344,29.90999984741211,10738400,29.90999984741211
2020-06-24,29.3700008392334,26.780000686645508,28.610000610351562,27.479999542236328,5058400,27.479999542236328
2020-06-25,29.329999923706055,26.459999084472656,27.0,27.979999542236328,5151400,27.979999542236328
2020-06-26,30.229999542236328,27.690000534057617,28.030000686645508,27.889999389648438,7721700,27.889999389648438
2020-06-29,28.3799991607666,26.690000534057617,28.0,28.149999618530273,2776500,28.149999618530273
2020-06-30,30.489999771118164,28.030000686645508,28.299999237060547,30.290000915527344,3395100,30.290000915527344
2020-07-01,31.7450008392334,28.718000411987305,29.59000015258789,30.479999542236328,4165400,30.479999542236328
2020-07-02,32.5,30.520000457763672,30.860000610351562,31.719999313354492,2695000,31.719999313354492
2020-07-06,34.18000030517578,31.729999542236328,32.5,32.4900016784668,3501600,32.4900016784668
2020-07-07,34.70000076293945,31.920000076293945,32.27000045776367,33.220001220703125,2461700,33.220001220703125
2020-07-08,35.33000183105469,33.400001525878906,33.59000015258789,34.2400016784668,3249700,34.2400016784668
2020-07-09,35.209999084472656,32.707000732421875,34.81999969482422,34.29999923706055,2994400,34.29999923706055
2020-07-10,34.65999984741211,32.939998626708984,33.959999084472656,33.470001220703125,1463100,33.470001220703125
2020-07-13,35.310001373291016,32.66999816894531,34.209999084472656,32.810001373291016,3055900,32.810001373291016
2020-07-14,33.09000015258789,29.610000610351562,32.5,32.5,3128300,32.5
2020-07-15,34.584999084472656,32.54999923706055,33.31999969482422,34.40999984741211,2383400,34.40999984741211
2020-07-16,34.560001373291016,33.15999984741211,34.119998931884766,33.349998474121094,1127400,33.349998474121094
2020-07-17,33.790000915527344,32.599998474121094,33.349998474121094,32.66999816894531,2296700,32.66999816894531
2020-07-20,33.88999938964844,32.20000076293945,32.88999938964844,32.900001525878906,1929300,32.900001525878906
2020-07-21,33.457000732421875,31.65999984741211,33.13999938964844,31.809999465942383,1883800,31.809999465942383
2020-07-22,32.650001525878906,31.43000030517578,32.06999969482422,32.47999954223633,1409500,32.47999954223633
2020-07-23,33.08000183105469,30.899999618530273,32.36000061035156,31.010000228881836,1928600,31.010000228881836
2020-07-24,30.579999923706055,29.39699935913086,30.559999465942383,29.729999542236328,1909100,29.729999542236328
2020-07-27,32.06999969482422,29.75,29.860000610351562,31.579999923706055,1921000,31.579999923706055
2020-07-28,31.809999465942383,29.479999542236328,31.809999465942383,29.59000015258789,1591200,29.59000015258789
2020-07-29,30.309999465942383,28.81100082397461,29.850000381469727,29.1200008392334,1710800,29.1200008392334
2020-07-30,29.87299919128418,28.40999984741211,28.719999313354492,29.579999923706055,1765900,29.579999923706055
2020-07-31,30.399999618530273,28.530000686645508,30.030000686645508,29.200000762939453,1251900,29.200000762939453
2020-08-03,32.4900016784668,29.780000686645508,30.0,32.06999969482422,2338800,32.06999969482422
2020-08-04,33.45000076293945,31.09000015258789,32.5,33.11000061035156,2881900,33.11000061035156
2020-08-05,33.4900016784668,30.239999771118164,30.270000457763672,33.36000061035156,5410400,33.36000061035156
2020-08-06,32.689998626708984,30.510000228881836,32.54999923706055,30.959999084472656,3074200,30.959999084472656
2020-08-07,30.8799991607666,27.8799991607666,30.8799991607666,28.43000030517578,3052400,28.43000030517578
2020-08-10,29.1299991607666,28.049999237060547,29.0,28.790000915527344,1578100,28.790000915527344
2020-08-11,29.850000381469727,27.469999313354492,28.5,29.010000228881836,2178300,29.010000228881836
2020-08-12,30.780000686645508,28.579999923706055,29.309999465942383,29.760000228881836,2248700,29.760000228881836
2020-08-13,31.59000015258789,29.790000915527344,29.90999984741211,30.950000762939453,2271100,30.950000762939453
2020-08-14,31.1200008392334,29.336000442504883,30.979999542236328,30.020000457763672,1490500,30.020000457763672
2020-08-17,32.09000015258789,30.100000381469727,30.299999237060547,31.81999969482422,1847600,31.81999969482422
2020-08-18,33.25,31.65999984741211,32.0,32.91999816894531,2625500,32.91999816894531
2020-08-19,33.29999923706055,31.700000762939453,32.970001220703125,32.939998626708984,2913700,32.939998626708984
2020-08-20,33.81999969482422,32.369998931884766,32.689998626708984,33.7400016784668,2289100,33.7400016784668
2020-08-21,35.85499954223633,33.599998474121094,33.70000076293945,35.349998474121094,4046800,35.349998474121094
2020-08-24,36.5,33.060001373291016,36.189998626708984,33.56999969482422,2952100,33.56999969482422
2020-08-25,33.56999969482422,32.40999984741211,33.34000015258789,32.9900016784668,1742200,32.9900016784668
2020-08-26,35.125999450683594,32.79999923706055,32.95000076293945,34.15999984741211,2027300,34.15999984741211
2020-08-27,34.45000076293945,31.600000381469727,34.18000030517578,33.0099983215332,1617100,33.0099983215332
2020-08-28,34.97999954223633,33.159000396728516,33.22999954223633,34.349998474121094,1716400,34.349998474121094
2020-08-31,35.779998779296875,33.86000061035156,34.25,34.959999084472656,2600300,34.959999084472656
2020-09-01,36.7400016784668,34.150001525878906,34.970001220703125,36.66999816894531,2483000,36.66999816894531
2020-09-02,37.220001220703125,34.50699996948242,36.83000183105469,37.04999923706055,2120000,37.04999923706055
2020-09-03,36.5,33.04999923706055,36.5,34.33000183105469,2674900,34.33000183105469
2020-09-04,34.375,29.200000762939453,33.79999923706055,32.119998931884766,3839300,32.119998931884766
2020-09-08,32.83000183105469,30.170000076293945,30.8799991607666,30.229999542236328,2430400,30.229999542236328
2020-09-09,32.72999954223633,30.43000030517578,30.760000228881836,32.47999954223633,2240800,32.47999954223633
2020-09-10,34.97999954223633,32.145999908447266,32.77000045776367,32.75,2255000,32.75
2020-09-11,33.86000061035156,32.0099983215332,33.20000076293945,32.529998779296875,1382500,32.529998779296875
2020-09-14,35.310001373291016,33.13999938964844,33.13999938964844,35.13999938964844,2047500,35.13999938964844
2020-09-15,39.939998626708984,35.47999954223633,35.5099983215332,39.0099983215332,4456100,39.0099983215332
2020-09-16,40.93000030517578,38.56999969482422,39.08000183105469,40.06999969482422,5138500,40.06999969482422
2020-09-17,40.150001525878906,37.900001525878906,38.9900016784668,39.06999969482422,3173200,39.06999969482422
2020-09-18,40.959999084472656,38.41999816894531,39.70000076293945,40.0,6409400,40.0
2020-09-21,40.790000915527344,37.59000015258789,39.25,40.59000015258789,4300800,40.59000015258789
2020-09-22,43.59000015258789,39.92100143432617,41.09000015258789,43.099998474121094,3465500,43.099998474121094
2020-09-23,44.03499984741211,40.09000015258789,42.90999984741211,40.75,3302100,40.75
2020-09-24,43.540000915527344,38.880001068115234,39.22999954223633,42.709999084472656,2849100,42.709999084472656
2020-09-25,44.81999969482422,42.45500183105469,42.900001525878906,44.66999816894531,2550500,44.66999816894531
2020-09-28,46.16999816894531,43.22999954223633,45.2400016784668,43.900001525878906,2674300,43.900001525878906
2020-09-29,45.939998626708984,44.040000915527344,44.349998474121094,44.290000915527344,2132500,44.290000915527344
2020-09-30,44.970001220703125,42.630001068115234,44.68000030517578,43.349998474121094,3699300,43.349998474121094
2020-10-01,44.630001068115234,43.380001068115234,43.97999954223633,44.06999969482422,1650000,44.06999969482422
2020-10-02,44.189998626708984,42.22999954223633,42.75,42.43000030517578,1868000,42.43000030517578
