Date,High,Low,Open,Close,Volume,Adj Close
2018-01-02,15.300000190734863,15.300000190734863,15.300000190734863,15.300000190734863,200.0,14.560422897338867
2018-01-03,15.430000305175781,15.300000190734863,15.300000190734863,15.399999618530273,17800.0,14.655588150024414
2018-01-04,15.399999618530273,15.399999618530273,15.399999618530273,15.399999618530273,0.0,14.655588150024414
2018-01-05,15.399999618530273,15.399999618530273,15.399999618530273,15.399999618530273,0.0,14.655588150024414
2018-01-08,15.34000015258789,15.279999732971191,15.34000015258789,15.3100004196167,1300.0,14.569941520690918
2018-01-09,15.3100004196167,15.3100004196167,15.3100004196167,15.3100004196167,0.0,14.569941520690918
2018-01-10,15.3100004196167,15.300000190734863,15.300000190734863,15.300000190734863,600.0,14.560422897338867
2018-01-11,15.399999618530273,15.300000190734863,15.399999618530273,15.300000190734863,700.0,14.615830421447754
2018-01-12,15.5,15.300000190734863,15.399999618530273,15.399999618530273,17000.0,14.711358070373535
2018-01-16,15.979999542236328,15.449999809265137,15.979999542236328,15.449999809265137,2300.0,14.759122848510742
2018-01-17,15.819999694824219,15.40999984741211,15.760000228881836,15.40999984741211,1000.0,14.72091293334961
2018-01-18,15.75,15.399999618530273,15.470000267028809,15.40999984741211,10200.0,14.72091293334961
2018-01-19,15.460000038146973,15.460000038146973,15.460000038146973,15.460000038146973,200.0,14.7686767578125
2018-01-22,15.680000305175781,15.479999542236328,15.510000228881836,15.479999542236328,4200.0,14.787779808044434
2018-01-23,15.479999542236328,15.479999542236328,15.479999542236328,15.479999542236328,0.0,14.787779808044434
2018-01-24,16.0,15.5,15.5,15.779999732971191,3200.0,15.074365615844727
2018-01-25,15.779999732971191,15.779999732971191,15.779999732971191,15.779999732971191,0.0,15.074365615844727
2018-01-26,15.800000190734863,15.670000076293945,15.800000190734863,15.670000076293945,1000.0,14.96928596496582
2018-01-29,15.920000076293945,15.510000228881836,15.920000076293945,15.510000228881836,1900.0,14.816439628601074
2018-01-30,15.539999961853027,15.539999961853027,15.539999961853027,15.539999961853027,100.0,14.845097541809082
2018-01-31,15.539999961853027,15.539999961853027,15.539999961853027,15.539999961853027,0.0,14.845097541809082
2018-02-01,15.609999656677246,15.550000190734863,15.609999656677246,15.550000190734863,600.0,14.854650497436523
2018-02-02,15.6899995803833,15.470000267028809,15.6899995803833,15.470000267028809,3300.0,14.778229713439941
2018-02-05,15.550000190734863,15.449999809265137,15.449999809265137,15.460000038146973,5700.0,14.7686767578125
2018-02-06,15.449999809265137,15.300000190734863,15.449999809265137,15.3100004196167,5300.0,14.625384330749512
2018-02-07,15.3100004196167,15.3100004196167,15.3100004196167,15.3100004196167,0.0,14.625384330749512
2018-02-08,15.390000343322754,15.390000343322754,15.390000343322754,15.390000343322754,2000.0,14.70180606842041
2018-02-09,15.380000114440918,15.279999732971191,15.380000114440918,15.3100004196167,3000.0,14.625384330749512
2018-02-12,15.449999809265137,15.260000228881836,15.449999809265137,15.260000228881836,3600.0,14.577618598937988
2018-02-13,15.260000228881836,15.260000228881836,15.260000228881836,15.260000228881836,0.0,14.577618598937988
2018-02-14,15.260000228881836,15.260000228881836,15.260000228881836,15.260000228881836,0.0,14.577618598937988
2018-02-15,15.3100004196167,15.25,15.3100004196167,15.25,3100.0,14.568065643310547
2018-02-16,15.399999618530273,15.25,15.399999618530273,15.25,8200.0,14.568065643310547
2018-02-20,15.25,15.25,15.25,15.25,100.0,14.568065643310547
2018-02-21,15.399999618530273,15.25,15.279999732971191,15.399999618530273,800.0,14.711358070373535
2018-02-22,15.300000190734863,15.260000228881836,15.289999961853027,15.260000228881836,3400.0,14.577618598937988
2018-02-23,15.260000228881836,15.260000228881836,15.260000228881836,15.260000228881836,300.0,14.577618598937988
2018-02-26,15.300000190734863,15.300000190734863,15.300000190734863,15.300000190734863,300.0,14.615830421447754
2018-02-27,15.539999961853027,15.260000228881836,15.399999618530273,15.329999923706055,3900.0,14.644489288330078
2018-02-28,15.449999809265137,15.25,15.25,15.25,27700.0,14.568065643310547
2018-03-01,15.25,15.25,15.25,15.25,0.0,14.568065643310547
2018-03-02,15.319999694824219,15.319999694824219,15.319999694824219,15.319999694824219,200.0,14.63493537902832
2018-03-05,15.680000305175781,15.510000228881836,15.510000228881836,15.680000305175781,300.0,14.978837966918945
2018-03-06,15.84000015258789,15.430000305175781,15.449999809265137,15.430000305175781,1000.0,14.74001693725586
2018-03-07,15.760000228881836,15.369999885559082,15.460000038146973,15.369999885559082,900.0,14.682700157165527
2018-03-08,15.699999809265137,15.25,15.649999618530273,15.350000381469727,4900.0,14.663596153259277
2018-03-09,15.819999694824219,15.819999694824219,15.819999694824219,15.819999694824219,600.0,15.112576484680176
2018-03-12,15.6899995803833,15.449999809265137,15.6899995803833,15.449999809265137,2700.0,14.759122848510742
2018-03-13,15.449999809265137,15.449999809265137,15.449999809265137,15.449999809265137,0.0,14.759122848510742
2018-03-14,15.449999809265137,15.449999809265137,15.449999809265137,15.449999809265137,0.0,14.759122848510742
2018-03-15,15.449999809265137,15.449999809265137,15.449999809265137,15.449999809265137,0.0,14.759122848510742
2018-03-16,15.850000381469727,15.449999809265137,15.449999809265137,15.850000381469727,9400.0,15.141237258911133
2018-03-19,15.399999618530273,15.300000190734863,15.399999618530273,15.3100004196167,700.0,14.625384330749512
2018-03-20,15.300000190734863,15.300000190734863,15.300000190734863,15.300000190734863,700.0,14.615830421447754
2018-03-21,15.609999656677246,15.609999656677246,15.609999656677246,15.609999656677246,200.0,14.911967277526855
2018-03-22,15.5600004196167,15.399999618530273,15.550000190734863,15.399999618530273,3300.0,14.711358070373535
2018-03-23,15.920000076293945,15.859999656677246,15.920000076293945,15.859999656677246,300.0,15.150790214538574
2018-03-26,16.639999389648438,15.319999694824219,16.639999389648438,15.319999694824219,3900.0,14.63493537902832
2018-03-27,15.449999809265137,15.399999618530273,15.449999809265137,15.399999618530273,900.0,14.711358070373535
2018-03-28,15.300000190734863,15.210000038146973,15.210000038146973,15.210000038146973,3000.0,14.529855728149414
2018-03-29,15.449999809265137,15.399999618530273,15.399999618530273,15.449999809265137,300.0,14.759122848510742
2018-04-02,15.489999771118164,15.210000038146973,15.210000038146973,15.489999771118164,600.0,14.797333717346191
2018-04-03,15.399999618530273,15.180000305175781,15.180000305175781,15.260000228881836,900.0,14.577618598937988
2018-04-04,15.3100004196167,15.3100004196167,15.3100004196167,15.3100004196167,200.0,14.625384330749512
2018-04-05,15.75,15.59000015258789,15.710000038146973,15.600000381469727,800.0,14.902416229248047
2018-04-06,15.8100004196167,15.600000381469727,15.75,15.800000190734863,3600.0,15.09347152709961
2018-04-09,15.800000190734863,15.800000190734863,15.800000190734863,15.800000190734863,0.0,15.09347152709961
2018-04-10,15.800000190734863,15.800000190734863,15.800000190734863,15.800000190734863,200.0,15.09347152709961
2018-04-11,15.350000381469727,15.25,15.350000381469727,15.25,3100.0,14.568065643310547
2018-04-12,15.449999809265137,15.399999618530273,15.449999809265137,15.399999618530273,900.0,14.711358070373535
2018-04-13,15.5,15.100000381469727,15.399999618530273,15.100000381469727,7000.0,14.424775123596191
2018-04-16,15.100000381469727,15.100000381469727,15.100000381469727,15.100000381469727,0.0,14.424775123596191
2018-04-17,15.100000381469727,15.100000381469727,15.100000381469727,15.100000381469727,0.0,14.424775123596191
2018-04-18,15.149999618530273,15.029999732971191,15.119999885559082,15.039999961853027,1000.0,14.36745548248291
2018-04-19,15.5,15.0,15.0,15.5,6000.0,14.866193771362305
2018-04-20,15.65999984741211,15.5,15.65999984741211,15.579999923706055,2400.0,14.942922592163086
2018-04-23,15.579999923706055,15.579999923706055,15.579999923706055,15.579999923706055,0.0,14.942922592163086
2018-04-24,15.800000190734863,15.600000381469727,15.649999618530273,15.600000381469727,1700.0,14.962104797363281
2018-04-25,15.899999618530273,15.649999618530273,15.899999618530273,15.649999618530273,900.0,15.01006031036377
2018-04-26,16.010000228881836,15.770000457763672,15.770000457763672,16.010000228881836,2800.0,15.355339050292969
2018-04-27,16.420000076293945,15.579999923706055,16.34000015258789,15.760000228881836,4700.0,15.115561485290527
2018-04-30,16.200000762939453,15.720000267028809,16.200000762939453,15.90999984741211,8600.0,15.25942611694336
2018-05-01,16.639999389648438,15.899999618530273,15.90999984741211,15.920000076293945,31800.0,15.269020080566406
2018-05-02,16.299999237060547,15.359999656677246,15.9399995803833,15.600000381469727,16100.0,14.962104797363281
2018-05-03,15.9399995803833,15.75,15.880000114440918,15.779999732971191,4500.0,15.134744644165039
2018-05-04,15.859999656677246,15.619999885559082,15.75,15.84000015258789,3800.0,15.192292213439941
2018-05-07,15.800000190734863,15.4399995803833,15.579999923706055,15.699999809265137,2800.0,15.058013916015625
2018-05-08,15.649999618530273,15.550000190734863,15.550000190734863,15.649999618530273,400.0,15.01006031036377
2018-05-09,15.75,15.5,15.539999961853027,15.600000381469727,6700.0,14.962104797363281
2018-05-10,16.049999237060547,15.0,15.84000015258789,15.050000190734863,14800.0,14.43459415435791
2018-05-11,15.5,15.25,15.25,15.25,2500.0,14.626416206359863
2018-05-14,15.199999809265137,15.199999809265137,15.199999809265137,15.199999809265137,100.0,14.578461647033691
2018-05-15,15.800000190734863,15.350000381469727,15.390000343322754,15.699999809265137,6500.0,15.058013916015625
2018-05-16,16.200000762939453,15.699999809265137,15.850000381469727,16.0,5300.0,15.345747947692871
2018-05-17,16.0,16.0,16.0,16.0,200.0,15.345747947692871
2018-05-18,16.309999465942383,15.850000381469727,15.970000267028809,16.049999237060547,11400.0,15.393702507019043
2018-05-21,16.329999923706055,16.0,16.200000762939453,16.200000762939453,5200.0,15.53757095336914
2018-05-22,16.06999969482422,15.569999694824219,15.8100004196167,16.06999969482422,2500.0,15.412882804870605
2018-05-23,16.110000610351562,15.850000381469727,16.110000610351562,15.850000381469727,2800.0,15.201883316040039
2018-05-24,16.1200008392334,15.850000381469727,15.850000381469727,16.0,5200.0,15.345747947692871
2018-05-25,16.1200008392334,16.059999465942383,16.059999465942383,16.1200008392334,1800.0,15.46084213256836
2018-05-29,16.1200008392334,16.1200008392334,16.1200008392334,16.1200008392334,600.0,15.46084213256836
2018-05-30,16.1200008392334,15.710000038146973,16.110000610351562,15.850000381469727,6800.0,15.201883316040039
2018-05-31,15.850000381469727,15.850000381469727,15.850000381469727,15.850000381469727,0.0,15.201883316040039
2018-06-01,16.1200008392334,15.4399995803833,16.1200008392334,16.059999465942383,13900.0,15.403294563293457
2018-06-04,16.040000915527344,15.829999923706055,15.899999618530273,15.880000114440918,4400.0,15.230655670166016
2018-06-05,15.75,15.75,15.75,15.75,4900.0,15.10597038269043
2018-06-06,16.09000015258789,15.75,16.09000015258789,15.75,1600.0,15.10597038269043
2018-06-07,15.930000305175781,15.930000305175781,15.930000305175781,15.930000305175781,300.0,15.278610229492188
2018-06-08,16.09000015258789,15.75,16.09000015258789,15.75,800.0,15.10597038269043
2018-06-11,15.8100004196167,15.75,15.75,15.75,2600.0,15.10597038269043
2018-06-12,15.75,15.75,15.75,15.75,0.0,15.10597038269043
2018-06-13,15.869999885559082,15.869999885559082,15.869999885559082,15.869999885559082,400.0,15.221061706542969
2018-06-14,15.90999984741211,15.75,15.75,15.800000190734863,2900.0,15.153924942016602
2018-06-15,15.970000267028809,15.970000267028809,15.970000267028809,15.970000267028809,2600.0,15.316975593566895
2018-06-18,15.970000267028809,15.970000267028809,15.970000267028809,15.970000267028809,0.0,15.316975593566895
2018-06-19,16.100000381469727,15.75,15.75,15.850000381469727,2300.0,15.201883316040039
2018-06-20,15.859999656677246,15.75,15.75,15.779999732971191,1400.0,15.134744644165039
2018-06-21,15.920000076293945,15.920000076293945,15.920000076293945,15.920000076293945,200.0,15.269020080566406
2018-06-22,15.920000076293945,15.920000076293945,15.920000076293945,15.920000076293945,0.0,15.269020080566406
2018-06-25,15.84000015258789,15.84000015258789,15.84000015258789,15.84000015258789,1000.0,15.192292213439941
2018-06-26,15.84000015258789,15.84000015258789,15.84000015258789,15.84000015258789,0.0,15.192292213439941
2018-06-27,15.84000015258789,15.84000015258789,15.84000015258789,15.84000015258789,0.0,15.192292213439941
2018-06-28,15.970000267028809,15.970000267028809,15.970000267028809,15.970000267028809,1000.0,15.316975593566895
2018-06-29,15.970000267028809,15.970000267028809,15.970000267028809,15.970000267028809,300.0,15.316975593566895
2018-07-02,15.649999618530273,15.510000228881836,15.510000228881836,15.649999618530273,1700.0,15.01006031036377
2018-07-03,15.649999618530273,15.649999618530273,15.649999618530273,15.649999618530273,0.0,15.01006031036377
2018-07-05,15.649999618530273,15.649999618530273,15.649999618530273,15.649999618530273,0.0,15.01006031036377
2018-07-06,15.649999618530273,15.649999618530273,15.649999618530273,15.649999618530273,0.0,15.01006031036377
2018-07-09,15.649999618530273,15.649999618530273,15.649999618530273,15.649999618530273,0.0,15.01006031036377
2018-07-10,15.59000015258789,15.5,15.5,15.5,1100.0,14.866193771362305
2018-07-11,15.520000457763672,15.5,15.5,15.520000457763672,2600.0,14.885375022888184
2018-07-12,15.5600004196167,15.510000228881836,15.5600004196167,15.510000228881836,700.0,14.875784873962402
2018-07-13,15.550000190734863,15.529999732971191,15.550000190734863,15.529999732971191,300.0,14.894967079162598
2018-07-16,15.649999618530273,15.649999618530273,15.649999618530273,15.649999618530273,100.0,15.01006031036377
2018-07-17,15.649999618530273,15.649999618530273,15.649999618530273,15.649999618530273,0.0,15.01006031036377
2018-07-18,15.649999618530273,15.5,15.5,15.649999618530273,8400.0,15.01006031036377
2018-07-19,15.649999618530273,15.649999618530273,15.649999618530273,15.649999618530273,0.0,15.067826271057129
2018-07-20,15.649999618530273,15.649999618530273,15.649999618530273,15.649999618530273,0.0,15.067826271057129
2018-07-23,15.649999618530273,15.649999618530273,15.649999618530273,15.649999618530273,0.0,15.067826271057129
2018-07-24,15.5,15.489999771118164,15.5,15.5,25300.0,14.923408508300781
2018-07-25,15.5,15.5,15.5,15.5,0.0,14.923408508300781
2018-07-26,15.520000457763672,15.520000457763672,15.520000457763672,15.520000457763672,200.0,14.94266414642334
2018-07-27,15.520000457763672,15.520000457763672,15.520000457763672,15.520000457763672,0.0,14.94266414642334
2018-07-30,15.569999694824219,15.289999961853027,15.569999694824219,15.289999961853027,300.0,14.721219062805176
2018-07-31,15.300000190734863,15.300000190734863,15.300000190734863,15.300000190734863,100.0,14.73084831237793
2018-08-01,15.300000190734863,15.199999809265137,15.289999961853027,15.25,9100.0,14.682708740234375
2018-08-02,15.25,15.25,15.25,15.25,0.0,14.682708740234375
2018-08-03,15.25,15.170000076293945,15.1899995803833,15.199999809265137,5000.0,14.634568214416504
2018-08-06,15.25,15.199999809265137,15.199999809265137,15.199999809265137,1400.0,14.634568214416504
2018-08-07,15.239999771118164,15.199999809265137,15.210000038146973,15.220000267028809,3600.0,14.653823852539062
2018-08-08,15.199999809265137,15.199999809265137,15.199999809265137,15.199999809265137,500.0,14.634568214416504
2018-08-09,15.199999809265137,15.199999809265137,15.199999809265137,15.199999809265137,900.0,14.634568214416504
2018-08-10,15.460000038146973,15.130000114440918,15.460000038146973,15.130000114440918,400.0,14.567172050476074
2018-08-13,15.149999618530273,15.149999618530273,15.149999618530273,15.149999618530273,200.0,14.586427688598633
2018-08-14,15.199999809265137,15.199999809265137,15.199999809265137,15.199999809265137,400.0,14.634568214416504
2018-08-15,15.199999809265137,15.199999809265137,15.199999809265137,15.199999809265137,1300.0,14.634568214416504
2018-08-16,15.5600004196167,15.390000343322754,15.390000343322754,15.399999618530273,300.0,14.827127456665039
2018-08-17,15.399999618530273,15.399999618530273,15.399999618530273,15.399999618530273,0.0,14.827127456665039
2018-08-20,15.399999618530273,15.399999618530273,15.399999618530273,15.399999618530273,0.0,14.827127456665039
2018-08-21,15.600000381469727,15.300000190734863,15.479999542236328,15.300000190734863,4100.0,14.73084831237793
2018-08-22,15.600000381469727,15.319999694824219,15.5600004196167,15.600000381469727,14300.0,15.01968765258789
2018-08-23,15.399999618530273,15.399999618530273,15.399999618530273,15.399999618530273,300.0,14.827127456665039
2018-08-24,15.5,15.399999618530273,15.399999618530273,15.5,500.0,14.923408508300781
2018-08-27,15.300000190734863,15.300000190734863,15.300000190734863,15.300000190734863,400.0,14.73084831237793
2018-08-28,15.619999885559082,15.399999618530273,15.619999885559082,15.399999618530273,400.0,14.827127456665039
2018-08-29,15.399999618530273,15.399999618530273,15.399999618530273,15.399999618530273,0.0,14.827127456665039
2018-08-30,15.649999618530273,15.619999885559082,15.619999885559082,15.649999618530273,700.0,15.067826271057129
2018-08-31,15.649999618530273,15.649999618530273,15.649999618530273,15.649999618530273,0.0,15.067826271057129
2018-09-04,15.3100004196167,15.3100004196167,15.3100004196167,15.3100004196167,500.0,14.74047565460205
2018-09-05,15.449999809265137,15.399999618530273,15.399999618530273,15.399999618530273,500.0,14.827127456665039
2018-09-06,15.399999618530273,15.220000267028809,15.300000190734863,15.399999618530273,500.0,14.827127456665039
2018-09-07,15.470000267028809,15.399999618530273,15.399999618530273,15.470000267028809,1400.0,14.894524574279785
2018-09-10,15.25,15.25,15.25,15.25,800.0,14.682708740234375
2018-09-11,15.399999618530273,15.15999984741211,15.170000076293945,15.399999618530273,2300.0,14.827127456665039
2018-09-12,15.390000343322754,15.359999656677246,15.359999656677246,15.390000343322754,300.0,14.817500114440918
2018-09-13,15.390000343322754,15.390000343322754,15.390000343322754,15.390000343322754,0.0,14.817500114440918
2018-09-14,15.300000190734863,15.149999618530273,15.149999618530273,15.199999809265137,900.0,14.634568214416504
2018-09-17,15.15999984741211,15.149999618530273,15.15999984741211,15.15999984741211,1400.0,14.596055030822754
2018-09-18,15.119999885559082,15.119999885559082,15.119999885559082,15.119999885559082,100.0,14.55754280090332
2018-09-19,15.029999732971191,15.029999732971191,15.029999732971191,15.029999732971191,200.0,14.470891952514648
2018-09-20,15.100000381469727,15.029999732971191,15.0600004196167,15.100000381469727,2200.0,14.538288116455078
2018-09-21,15.100000381469727,15.0600004196167,15.069999694824219,15.100000381469727,2900.0,14.538288116455078
2018-09-24,15.050000190734863,15.050000190734863,15.050000190734863,15.050000190734863,1000.0,14.490147590637207
2018-09-25,15.039999961853027,15.029999732971191,15.039999961853027,15.029999732971191,1400.0,14.470891952514648
2018-09-26,15.100000381469727,15.039999961853027,15.069999694824219,15.079999923706055,9300.0,14.519030570983887
2018-09-27,15.0600004196167,15.050000190734863,15.050000190734863,15.0600004196167,600.0,14.499776840209961
2018-09-28,15.0600004196167,15.050000190734863,15.0600004196167,15.050000190734863,17300.0,14.490147590637207
2018-10-01,15.100000381469727,15.050000190734863,15.050000190734863,15.050000190734863,15300.0,14.490147590637207
2018-10-02,15.079999923706055,15.050000190734863,15.050000190734863,15.050000190734863,1800.0,14.490147590637207
2018-10-03,15.350000381469727,15.050000190734863,15.069999694824219,15.350000381469727,1800.0,14.7789888381958
2018-10-04,15.350000381469727,15.350000381469727,15.350000381469727,15.350000381469727,0.0,14.7789888381958
2018-10-05,15.369999885559082,15.199999809265137,15.270000457763672,15.369999885559082,3600.0,14.79824447631836
2018-10-08,15.140000343322754,15.100000381469727,15.100000381469727,15.100000381469727,3700.0,14.538288116455078
2018-10-09,15.25,15.119999885559082,15.25,15.149999618530273,2800.0,14.586427688598633
2018-10-10,15.199999809265137,15.079999923706055,15.119999885559082,15.079999923706055,1800.0,14.519030570983887
2018-10-11,15.109999656677246,15.0,15.0,15.100000381469727,9900.0,14.538288116455078
2018-10-12,15.199999809265137,15.079999923706055,15.199999809265137,15.079999923706055,3600.0,14.519030570983887
2018-10-15,15.100000381469727,15.079999923706055,15.079999923706055,15.079999923706055,900.0,14.519030570983887
2018-10-16,15.079999923706055,15.079999923706055,15.079999923706055,15.079999923706055,0.0,14.519030570983887
2018-10-17,15.079999923706055,15.079999923706055,15.079999923706055,15.079999923706055,0.0,14.519030570983887
2018-10-18,15.109999656677246,15.079999923706055,15.079999923706055,15.109999656677246,2300.0,14.606030464172363
2018-10-19,15.109999656677246,15.109999656677246,15.109999656677246,15.109999656677246,0.0,14.606030464172363
2018-10-22,15.15999984741211,15.079999923706055,15.079999923706055,15.109999656677246,4200.0,14.606030464172363
2018-10-23,15.170000076293945,15.079999923706055,15.079999923706055,15.079999923706055,2200.0,14.577031135559082
2018-10-24,15.369999885559082,14.899999618530273,15.079999923706055,14.899999618530273,38000.0,14.403033256530762
2018-10-25,14.949999809265137,14.890000343322754,14.899999618530273,14.899999618530273,5200.0,14.403033256530762
2018-10-26,14.869999885559082,14.75,14.75,14.869999885559082,9100.0,14.374034881591797
2018-10-29,14.899999618530273,14.899999618530273,14.899999618530273,14.899999618530273,2700.0,14.403033256530762
2018-10-30,15.65999984741211,14.899999618530273,14.899999618530273,15.65999984741211,1200.0,15.137685775756836
2018-10-31,15.3100004196167,15.010000228881836,15.010000228881836,15.3100004196167,600.0,14.799360275268555
2018-11-01,15.109999656677246,15.029999732971191,15.029999732971191,15.100000381469727,1100.0,14.59636402130127
2018-11-02,15.199999809265137,15.0,15.0,15.039999961853027,3900.0,14.53836441040039
2018-11-05,15.25,15.050000190734863,15.220000267028809,15.050000190734863,1200.0,14.548030853271484
2018-11-06,15.050000190734863,15.050000190734863,15.050000190734863,15.050000190734863,0.0,14.548030853271484
2018-11-07,15.069999694824219,15.050000190734863,15.050000190734863,15.050000190734863,600.0,14.548030853271484
2018-11-08,15.050000190734863,15.050000190734863,15.050000190734863,15.050000190734863,100.0,14.548030853271484
2018-11-09,15.300000190734863,15.270000457763672,15.300000190734863,15.300000190734863,1600.0,14.789693832397461
2018-11-12,15.300000190734863,15.300000190734863,15.300000190734863,15.300000190734863,100.0,14.789693832397461
2018-11-13,15.300000190734863,15.300000190734863,15.300000190734863,15.300000190734863,100.0,14.789693832397461
2018-11-14,15.050000190734863,15.050000190734863,15.050000190734863,15.050000190734863,10500.0,14.548030853271484
2018-11-15,15.09000015258789,15.050000190734863,15.050000190734863,15.069999694824219,6400.0,14.567363739013672
2018-11-16,15.0600004196167,15.050000190734863,15.0600004196167,15.050000190734863,1900.0,14.548030853271484
2018-11-19,15.050000190734863,15.050000190734863,15.050000190734863,15.050000190734863,0.0,14.548030853271484
2018-11-20,15.149999618530273,15.050000190734863,15.050000190734863,15.050000190734863,7400.0,14.548030853271484
2018-11-21,15.050000190734863,15.050000190734863,15.050000190734863,15.050000190734863,100.0,14.548030853271484
2018-11-23,15.25,15.25,15.25,15.25,200.0,14.741361618041992
2018-11-26,15.079999923706055,14.90999984741211,15.020000457763672,14.960000038146973,30000.0,14.461034774780273
2018-11-27,14.960000038146973,14.960000038146973,14.960000038146973,14.960000038146973,100.0,14.461034774780273
2018-11-28,14.989999771118164,14.899999618530273,14.989999771118164,14.970000267028809,3500.0,14.470698356628418
2018-11-29,15.010000228881836,14.859999656677246,14.920000076293945,14.859999656677246,700.0,14.364367485046387
2018-11-30,15.0,14.75,14.789999961853027,14.75,5400.0,14.258036613464355
2018-12-03,14.75,14.75,14.75,14.75,200.0,14.258036613464355
2018-12-04,14.819999694824219,14.649999618530273,14.819999694824219,14.649999618530273,2900.0,14.161372184753418
2018-12-06,14.84000015258789,14.670000076293945,14.670000076293945,14.800000190734863,2200.0,14.306368827819824
2018-12-07,14.890000343322754,14.800000190734863,14.890000343322754,14.800000190734863,400.0,14.306368827819824
2018-12-10,14.8100004196167,14.8100004196167,14.8100004196167,14.8100004196167,400.0,14.316036224365234
2018-12-11,14.8100004196167,14.8100004196167,14.8100004196167,14.8100004196167,1100.0,14.316036224365234
2018-12-12,14.8100004196167,14.800000190734863,14.800000190734863,14.800000190734863,4200.0,14.306368827819824
2018-12-13,14.800000190734863,14.649999618530273,14.800000190734863,14.649999618530273,10700.0,14.161372184753418
2018-12-14,14.510000228881836,14.510000228881836,14.510000228881836,14.510000228881836,200.0,14.026041984558105
2018-12-17,14.380000114440918,14.350000381469727,14.350000381469727,14.380000114440918,5800.0,13.900379180908203
2018-12-18,14.34000015258789,14.34000015258789,14.34000015258789,14.34000015258789,800.0,13.861711502075195
2018-12-19,14.449999809265137,14.449999809265137,14.449999809265137,14.449999809265137,100.0,13.968043327331543
2018-12-20,14.25,14.25,14.25,14.25,300.0,13.774713516235352
2018-12-21,14.149999618530273,13.5,14.149999618530273,13.510000228881836,300.0,13.059396743774414
2018-12-24,13.510000228881836,13.510000228881836,13.510000228881836,13.510000228881836,0.0,13.059396743774414
2018-12-26,13.5,13.449999809265137,13.5,13.460000038146973,1200.0,13.011064529418945
2018-12-27,13.5,13.5,13.5,13.5,400.0,13.049729347229004
2018-12-28,14.449999809265137,13.890000343322754,13.890000343322754,14.449999809265137,1100.0,13.968043327331543
2018-12-31,15.65999984741211,13.760000228881836,13.760000228881836,15.65999984741211,11600.0,15.137685775756836
2019-01-02,15.029999732971191,13.75,13.75,14.9399995803833,2100.0,14.44170093536377
2019-01-03,15.020000457763672,15.0,15.020000457763672,15.0,800.0,14.499698638916016
2019-01-04,14.619999885559082,13.800000190734863,14.489999771118164,14.109999656677246,30000.0,13.639384269714355
2019-01-07,14.109999656677246,14.109999656677246,14.109999656677246,14.109999656677246,0.0,13.639384269714355
2019-01-08,14.210000038146973,14.109999656677246,14.109999656677246,14.210000038146973,600.0,13.736048698425293
2019-01-09,14.210000038146973,14.210000038146973,14.210000038146973,14.210000038146973,100.0,13.736048698425293
2019-01-10,14.430000305175781,14.300000190734863,14.430000305175781,14.300000190734863,3500.0,13.823046684265137
2019-01-11,14.5,14.399999618530273,14.399999618530273,14.5,5700.0,14.016376495361328
2019-01-14,14.5,14.5,14.5,14.5,100.0,14.016376495361328
2019-01-15,14.5,14.5,14.5,14.5,200.0,14.016376495361328
2019-01-16,14.779999732971191,14.09000015258789,14.09000015258789,14.779999732971191,1400.0,14.287035942077637
2019-01-17,14.5,14.5,14.5,14.5,200.0,14.073507308959961
2019-01-18,14.260000228881836,14.260000228881836,14.260000228881836,14.260000228881836,500.0,13.840566635131836
2019-01-22,14.510000228881836,14.399999618530273,14.510000228881836,14.399999618530273,600.0,13.97645092010498
2019-01-23,14.399999618530273,14.399999618530273,14.399999618530273,14.399999618530273,100.0,13.97645092010498
2019-01-24,14.399999618530273,14.399999618530273,14.399999618530273,14.399999618530273,1300.0,13.97645092010498
2019-01-25,14.520000457763672,14.390000343322754,14.520000457763672,14.390000343322754,1400.0,13.966743469238281
2019-01-28,14.390000343322754,14.390000343322754,14.390000343322754,14.390000343322754,0.0,13.966743469238281
2019-01-29,14.329999923706055,14.329999923706055,14.329999923706055,14.329999923706055,200.0,13.908509254455566
2019-01-30,14.399999618530273,14.399999618530273,14.399999618530273,14.399999618530273,600.0,13.97645092010498
2019-01-31,14.40999984741211,14.199999809265137,14.380000114440918,14.199999809265137,2300.0,13.782331466674805
2019-02-01,14.270000457763672,14.199999809265137,14.239999771118164,14.270000457763672,4300.0,13.850273132324219
2019-02-04,14.270000457763672,14.270000457763672,14.270000457763672,14.270000457763672,100.0,13.850273132324219
2019-02-05,14.199999809265137,14.199999809265137,14.199999809265137,14.199999809265137,200.0,13.782331466674805
2019-02-06,14.5,14.199999809265137,14.199999809265137,14.199999809265137,1800.0,13.782331466674805
2019-02-07,14.199999809265137,14.199999809265137,14.199999809265137,14.199999809265137,400.0,13.782331466674805
2019-02-08,14.5,14.069999694824219,14.5,14.069999694824219,500.0,13.65615463256836
2019-02-11,14.010000228881836,14.0,14.010000228881836,14.0,2600.0,13.588213920593262
2019-02-12,14.329999923706055,14.199999809265137,14.199999809265137,14.329999923706055,700.0,13.908509254455566
2019-02-13,14.300000190734863,14.25,14.25,14.300000190734863,1300.0,13.87939167022705
2019-02-14,14.25,14.25,14.25,14.25,300.0,13.830862045288086
2019-02-15,14.5,14.460000038146973,14.5,14.460000038146973,2600.0,14.034684181213379
2019-02-19,14.380000114440918,14.25,14.25,14.380000114440918,3500.0,13.957036972045898
2019-02-20,14.430000305175781,14.109999656677246,14.430000305175781,14.109999656677246,300.0,13.694978713989258
2019-02-21,14.109999656677246,14.109999656677246,14.109999656677246,14.109999656677246,100.0,13.694978713989258
2019-02-22,14.25,14.0,14.0,14.25,1500.0,13.830862045288086
2019-02-25,14.25,14.25,14.25,14.25,400.0,13.830862045288086
2019-02-26,14.3100004196167,14.25,14.25,14.270000457763672,1000.0,13.850273132324219
2019-02-27,14.270000457763672,14.270000457763672,14.270000457763672,14.270000457763672,100.0,13.850273132324219
2019-02-28,14.5,14.300000190734863,14.300000190734863,14.5,300.0,14.073507308959961
2019-03-01,14.5,14.5,14.5,14.5,0.0,14.073507308959961
2019-03-04,14.5,14.5,14.5,14.5,100.0,14.073507308959961
2019-03-05,14.5,14.5,14.5,14.5,100.0,14.073507308959961
2019-03-06,14.479999542236328,13.710000038146973,14.170000076293945,14.020000457763672,9100.0,13.607625961303711
2019-03-07,14.25,13.899999618530273,14.25,14.100000381469727,12700.0,13.685274124145508
2019-03-08,14.109999656677246,14.109999656677246,14.109999656677246,14.109999656677246,1300.0,13.694978713989258
2019-03-11,14.109999656677246,14.109999656677246,14.109999656677246,14.109999656677246,100.0,13.694978713989258
2019-03-12,14.109999656677246,14.109999656677246,14.109999656677246,14.109999656677246,100.0,13.694978713989258
2019-03-13,14.109999656677246,14.109999656677246,14.109999656677246,14.109999656677246,100.0,13.694978713989258
2019-03-14,14.109999656677246,14.109999656677246,14.109999656677246,14.109999656677246,100.0,13.694978713989258
2019-03-15,13.850000381469727,13.850000381469727,13.850000381469727,13.850000381469727,200.0,13.442626953125
2019-03-18,13.850000381469727,13.850000381469727,13.850000381469727,13.850000381469727,0.0,13.442626953125
2019-03-19,13.850000381469727,13.850000381469727,13.850000381469727,13.850000381469727,100.0,13.442626953125
2019-03-20,13.880000114440918,13.649999618530273,13.6899995803833,13.649999618530273,6800.0,13.24850845336914
2019-03-21,13.550000190734863,13.449999809265137,13.460000038146973,13.550000190734863,5200.0,13.151450157165527
2019-03-22,13.449999809265137,13.09000015258789,13.449999809265137,13.1899995803833,10400.0,12.802038192749023
2019-03-25,13.350000381469727,13.0,13.350000381469727,13.0,4300.0,12.617627143859863
2019-03-26,13.0,13.0,13.0,13.0,100.0,12.617627143859863
2019-03-27,13.529999732971191,13.050000190734863,13.529999732971191,13.119999885559082,1000.0,12.734098434448242
2019-03-28,12.859999656677246,12.859999656677246,12.859999656677246,12.859999656677246,500.0,12.481744766235352
2019-03-29,13.380000114440918,13.050000190734863,13.380000114440918,13.050000190734863,800.0,12.666156768798828
2019-04-01,13.279999732971191,13.050000190734863,13.279999732971191,13.100000381469727,3100.0,12.714686393737793
2019-04-02,13.279999732971191,13.279999732971191,13.279999732971191,13.279999732971191,100.0,12.889391899108887
2019-04-03,13.300000190734863,13.300000190734863,13.300000190734863,13.300000190734863,600.0,12.908803939819336
2019-04-04,13.300000190734863,13.300000190734863,13.300000190734863,13.300000190734863,100.0,12.908803939819336
2019-04-05,13.300000190734863,13.300000190734863,13.300000190734863,13.300000190734863,0.0,12.908803939819336
2019-04-08,13.399999618530273,13.300000190734863,13.369999885559082,13.390000343322754,1700.0,12.996156692504883
2019-04-09,13.399999618530273,13.300000190734863,13.399999618530273,13.300000190734863,4500.0,12.908803939819336
2019-04-10,13.430000305175781,13.300000190734863,13.430000305175781,13.300000190734863,2700.0,12.908803939819336
2019-04-11,13.430000305175781,13.430000305175781,13.430000305175781,13.430000305175781,300.0,13.034979820251465
2019-04-12,13.4399995803833,13.300000190734863,13.4399995803833,13.300000190734863,1500.0,12.908803939819336
2019-04-15,13.300000190734863,13.300000190734863,13.300000190734863,13.300000190734863,100.0,12.908803939819336
2019-04-16,13.5,13.5,13.5,13.5,200.0,13.102922439575195
2019-04-17,13.239999771118164,13.239999771118164,13.239999771118164,13.239999771118164,200.0,12.907937049865723
2019-04-18,13.359999656677246,13.239999771118164,13.239999771118164,13.359999656677246,1100.0,13.024927139282227
2019-04-22,13.5,13.359999656677246,13.5,13.359999656677246,5200.0,13.024927139282227
2019-04-23,13.449999809265137,13.239999771118164,13.239999771118164,13.449999809265137,4400.0,13.112668991088867
2019-04-24,13.3100004196167,13.3100004196167,13.3100004196167,13.3100004196167,200.0,12.97618293762207
2019-04-25,14.3100004196167,13.3100004196167,13.3100004196167,14.3100004196167,2100.0,13.95110034942627
2019-04-26,13.989999771118164,13.970000267028809,13.970000267028809,13.989999771118164,17900.0,13.63912582397461
2019-04-29,13.949999809265137,13.890000343322754,13.9399995803833,13.899999618530273,2300.0,13.551383972167969
2019-04-30,13.979999542236328,13.25,13.829999923706055,13.850000381469727,4700.0,13.502639770507812
2019-05-01,13.899999618530273,13.899999618530273,13.899999618530273,13.899999618530273,500.0,13.551383972167969
2019-05-02,13.329999923706055,13.329999923706055,13.329999923706055,13.329999923706055,900.0,12.99567985534668
2019-05-03,13.550000190734863,13.25,13.25,13.550000190734863,1200.0,13.210163116455078
2019-05-06,13.289999961853027,13.289999961853027,13.289999961853027,13.289999961853027,300.0,12.956684112548828
2019-05-07,13.850000381469727,13.270000457763672,13.270000457763672,13.850000381469727,300.0,13.502639770507812
2019-05-08,13.850000381469727,13.850000381469727,13.850000381469727,13.850000381469727,200.0,13.502639770507812
2019-05-09,13.850000381469727,13.260000228881836,13.84000015258789,13.380000114440918,7600.0,13.044425964355469
2019-05-10,13.75,13.520000457763672,13.520000457763672,13.75,7000.0,13.405144691467285
2019-05-13,14.449999809265137,14.0,14.350000381469727,14.399999618530273,19700.0,14.038844108581543
2019-05-14,14.600000381469727,14.25,14.25,14.5,8600.0,14.136336326599121
2019-05-15,15.079999923706055,14.449999809265137,14.449999809265137,15.050000190734863,13800.0,14.672541618347168
2019-05-16,15.300000190734863,15.079999923706055,15.079999923706055,15.300000190734863,3800.0,14.916271209716797
2019-05-17,15.300000190734863,15.300000190734863,15.300000190734863,15.300000190734863,0.0,14.916271209716797
2019-05-20,15.039999961853027,15.039999961853027,15.039999961853027,15.039999961853027,100.0,14.662792205810547
2019-05-21,15.289999961853027,15.25,15.25,15.270000457763672,1900.0,14.887024879455566
2019-05-22,15.270000457763672,15.270000457763672,15.270000457763672,15.270000457763672,100.0,14.887024879455566
2019-05-23,16.149999618530273,15.050000190734863,15.25,16.149999618530273,7400.0,15.744952201843262
2019-05-24,15.970000267028809,15.75,15.75,15.970000267028809,500.0,15.569467544555664
2019-05-28,16.25,15.5,15.5,16.25,1600.0,15.842442512512207
2019-05-29,16.25,15.5,15.729999542236328,16.25,2100.0,15.842442512512207
2019-05-30,16.25,16.25,16.25,16.25,100.0,15.842442512512207
2019-05-31,16.25,16.25,16.25,16.25,100.0,15.842442512512207
2019-06-03,16.200000762939453,16.200000762939453,16.200000762939453,16.200000762939453,100.0,15.79369831085205
2019-06-04,15.789999961853027,15.779999732971191,15.789999961853027,15.779999732971191,300.0,15.384232521057129
2019-06-05,15.819999694824219,15.220000267028809,15.819999694824219,15.220000267028809,8500.0,14.838278770446777
2019-06-06,15.220000267028809,15.220000267028809,15.220000267028809,15.220000267028809,100.0,14.838278770446777
2019-06-07,15.279999732971191,15.279999732971191,15.279999732971191,15.279999732971191,1000.0,14.896773338317871
2019-06-10,15.279999732971191,15.279999732971191,15.279999732971191,15.279999732971191,100.0,14.896773338317871
2019-06-11,15.050000190734863,15.0,15.0,15.050000190734863,1000.0,14.672541618347168
2019-06-12,15.859999656677246,15.859999656677246,15.859999656677246,15.859999656677246,100.0,15.462225914001465
2019-06-13,15.859999656677246,15.859999656677246,15.859999656677246,15.859999656677246,0.0,15.462225914001465
2019-06-14,15.699999809265137,15.699999809265137,15.699999809265137,15.699999809265137,100.0,15.306239128112793
2019-06-17,15.960000038146973,15.699999809265137,15.960000038146973,15.699999809265137,1700.0,15.306239128112793
2019-06-18,15.770000457763672,15.699999809265137,15.739999771118164,15.699999809265137,700.0,15.306239128112793
2019-06-19,15.729999542236328,15.020000457763672,15.5,15.020000457763672,500.0,14.643294334411621
2019-06-20,15.420000076293945,15.020000457763672,15.020000457763672,15.039999961853027,4400.0,14.662792205810547
2019-06-21,15.039999961853027,15.0,15.039999961853027,15.0,1900.0,14.623795509338379
2019-06-24,15.300000190734863,15.0,15.300000190734863,15.0,1200.0,14.623795509338379
2019-06-25,15.0,15.0,15.0,15.0,200.0,14.623795509338379
2019-06-26,15.100000381469727,15.050000190734863,15.050000190734863,15.100000381469727,800.0,14.721288681030273
2019-06-27,15.199999809265137,15.0,15.0,15.199999809265137,700.0,14.818778991699219
2019-06-28,15.0,14.550000190734863,15.0,14.550000190734863,2000.0,14.18508243560791
2019-07-01,15.5600004196167,15.199999809265137,15.199999809265137,15.5600004196167,400.0,15.16975212097168
2019-07-02,15.15999984741211,14.640000343322754,15.100000381469727,14.640000343322754,7100.0,14.27282428741455
2019-07-03,14.640000343322754,14.640000343322754,14.640000343322754,14.640000343322754,0.0,14.27282428741455
2019-07-05,14.930000305175781,14.930000305175781,14.930000305175781,14.930000305175781,500.0,14.555550575256348
2019-07-08,14.630000114440918,14.550000190734863,14.5600004196167,14.619999885559082,3100.0,14.253326416015625
2019-07-09,14.550000190734863,14.550000190734863,14.550000190734863,14.550000190734863,600.0,14.18508243560791
2019-07-10,14.699999809265137,14.300000190734863,14.550000190734863,14.300000190734863,6200.0,13.941351890563965
2019-07-11,14.300000190734863,14.300000190734863,14.300000190734863,14.300000190734863,100.0,13.941351890563965
2019-07-12,14.739999771118164,14.050000190734863,14.350000381469727,14.050000190734863,4600.0,13.69762134552002
2019-07-15,14.09000015258789,14.050000190734863,14.09000015258789,14.050000190734863,300.0,13.69762134552002
2019-07-16,14.119999885559082,14.050000190734863,14.069999694824219,14.050000190734863,4100.0,13.69762134552002
2019-07-17,14.899999618530273,14.899999618530273,14.899999618530273,14.899999618530273,100.0,14.526302337646484
2019-07-18,14.350000381469727,14.050000190734863,14.350000381469727,14.050000190734863,1100.0,13.753003120422363
2019-07-19,13.989999771118164,13.850000381469727,13.989999771118164,13.850000381469727,400.0,13.557231903076172
2019-07-22,14.039999961853027,13.949999809265137,13.989999771118164,14.0,2400.0,13.704060554504395
2019-07-23,14.180000305175781,14.0,14.0,14.0,1300.0,13.704060554504395
2019-07-24,14.369999885559082,13.989999771118164,14.369999885559082,14.0,3600.0,13.704060554504395
2019-07-25,14.0,14.0,14.0,14.0,400.0,13.704060554504395
2019-07-26,14.0,13.6899995803833,14.0,13.6899995803833,26200.0,13.400612831115723
2019-07-29,14.0,13.59000015258789,13.9399995803833,13.59000015258789,3200.0,13.302726745605469
2019-07-30,14.130000114440918,13.510000228881836,13.850000381469727,13.510000228881836,2700.0,13.224416732788086
2019-07-31,13.800000190734863,13.279999732971191,13.369999885559082,13.279999732971191,3000.0,12.999279022216797
2019-08-01,13.989999771118164,13.619999885559082,13.619999885559082,13.960000038146973,4800.0,13.664905548095703
2019-08-02,13.6899995803833,13.329999923706055,13.329999923706055,13.6899995803833,4400.0,13.400612831115723
2019-08-05,13.960000038146973,13.5,13.920000076293945,13.569999694824219,1600.0,13.283149719238281
2019-08-06,13.960000038146973,13.5,13.920000076293945,13.569999694824219,100.0,13.283149719238281
2019-08-07,13.609999656677246,13.210000038146973,13.210000038146973,13.609999656677246,2000.0,13.32230281829834
2019-08-08,14.09000015258789,13.5,14.09000015258789,13.5,2200.0,13.214629173278809
2019-08-09,13.920000076293945,13.279999732971191,13.880000114440918,13.279999732971191,2400.0,12.999279022216797
2019-08-12,13.5,13.5,13.5,13.5,400.0,13.214629173278809
2019-08-13,13.600000381469727,13.399999618530273,13.399999618530273,13.5,2800.0,13.214629173278809
2019-08-14,13.25,13.25,13.25,13.25,100.0,12.9699125289917
2019-08-15,13.449999809265137,12.699999809265137,13.430000305175781,13.020000457763672,6900.0,12.744775772094727
2019-08-16,13.489999771118164,13.100000381469727,13.489999771118164,13.460000038146973,7700.0,13.175475120544434
2019-08-19,13.300000190734863,13.300000190734863,13.300000190734863,13.300000190734863,900.0,13.0188570022583
2019-08-20,13.300000190734863,13.300000190734863,13.300000190734863,13.300000190734863,0.0,13.0188570022583
2019-08-21,13.449999809265137,13.109999656677246,13.449999809265137,13.449999809265137,600.0,13.165685653686523
2019-08-22,13.5,12.569999694824219,13.5,13.25,1700.0,12.9699125289917
2019-08-23,13.5,12.880000114440918,13.5,12.880000114440918,400.0,12.607735633850098
2019-08-26,13.25,13.140000343322754,13.140000343322754,13.25,200.0,12.9699125289917
2019-08-27,13.3100004196167,13.0600004196167,13.3100004196167,13.199999809265137,1900.0,12.920969009399414
2019-08-28,13.199999809265137,13.0,13.0,13.0,1700.0,12.725197792053223
2019-08-29,13.25,13.25,13.25,13.25,300.0,12.9699125289917
2019-08-30,13.5,12.710000038146973,13.5,13.1899995803833,4900.0,12.911181449890137
2019-09-03,13.5,12.760000228881836,13.449999809265137,12.850000381469727,2400.0,12.578369140625
2019-09-04,12.850000381469727,12.850000381469727,12.850000381469727,12.850000381469727,200.0,12.578369140625
2019-09-05,12.850000381469727,12.850000381469727,12.850000381469727,12.850000381469727,0.0,12.578369140625
2019-09-06,12.850000381469727,12.850000381469727,12.850000381469727,12.850000381469727,0.0,12.578369140625
2019-09-09,13.25,13.020000457763672,13.25,13.050000190734863,300.0,12.774141311645508
2019-09-10,13.050000190734863,13.050000190734863,13.050000190734863,13.050000190734863,0.0,12.774141311645508
2019-09-11,13.0,12.949999809265137,13.0,12.949999809265137,700.0,12.676255226135254
2019-09-12,13.5,13.0,13.25,13.0,10700.0,12.725197792053223
2019-09-13,13.109999656677246,13.100000381469727,13.100000381469727,13.100000381469727,800.0,12.823084831237793
2019-09-16,13.149999618530273,13.0,13.149999618530273,13.0,1500.0,12.725197792053223
2019-09-17,13.0,12.710000038146973,13.0,12.710000038146973,10600.0,12.441329002380371
2019-09-18,12.949999809265137,12.550000190734863,12.710000038146973,12.859999656677246,7600.0,12.588157653808594
2019-09-19,12.920000076293945,12.699999809265137,12.869999885559082,12.920000076293945,5400.0,12.646888732910156
2019-09-20,13.5,12.710000038146973,12.739999771118164,13.5,12600.0,13.214629173278809
2019-09-23,13.84000015258789,13.0600004196167,13.510000228881836,13.84000015258789,2500.0,13.547442436218262
2019-09-24,13.649999618530273,13.010000228881836,13.25,13.649999618530273,8800.0,13.361456871032715
2019-09-25,13.5,13.109999656677246,13.5,13.369999885559082,3900.0,13.087377548217773
2019-09-26,13.649999618530273,13.399999618530273,13.649999618530273,13.399999618530273,2400.0,13.116743087768555
2019-09-27,13.149999618530273,13.149999618530273,13.149999618530273,13.149999618530273,100.0,12.872027397155762
2019-09-30,13.430000305175781,13.430000305175781,13.430000305175781,13.430000305175781,600.0,13.146109580993652
2019-10-01,13.5,12.710000038146973,12.710000038146973,13.0,2700.0,12.725197792053223
2019-10-02,13.140000343322754,12.90999984741211,12.90999984741211,13.0,1100.0,12.725197792053223
2019-10-03,13.0,13.0,13.0,13.0,100.0,12.725197792053223
2019-10-04,13.0,13.0,13.0,13.0,0.0,12.725197792053223
2019-10-07,12.949999809265137,12.550000190734863,12.720000267028809,12.949999809265137,2000.0,12.676255226135254
2019-10-08,12.75,12.75,12.75,12.75,300.0,12.480483055114746
2019-10-09,12.569999694824219,12.569999694824219,12.569999694824219,12.569999694824219,800.0,12.30428695678711
2019-10-10,13.0,13.0,13.0,13.0,800.0,12.725197792053223
2019-10-11,13.149999618530273,12.5600004196167,12.5600004196167,13.0,1000.0,12.725197792053223
2019-10-14,13.229999542236328,13.0,13.0,13.140000343322754,4300.0,12.862238883972168
2019-10-15,12.65999984741211,12.65999984741211,12.65999984741211,12.65999984741211,400.0,12.39238452911377
2019-10-16,13.109999656677246,13.0,13.050000190734863,13.029999732971191,1800.0,12.75456428527832
2019-10-17,13.0,12.899999618530273,12.970000267028809,12.960000038146973,4000.0,12.744729995727539
2019-10-18,12.960000038146973,12.960000038146973,12.960000038146973,12.960000038146973,0.0,12.744729995727539
2019-10-21,13.050000190734863,12.949999809265137,12.949999809265137,13.010000228881836,4700.0,12.793900489807129
2019-10-22,13.010000228881836,13.010000228881836,13.010000228881836,13.010000228881836,0.0,12.793900489807129
2019-10-23,13.350000381469727,13.0,13.100000381469727,13.0,6900.0,12.784066200256348
2019-10-24,13.170000076293945,13.15999984741211,13.170000076293945,13.15999984741211,600.0,12.941408157348633
2019-10-25,13.15999984741211,13.15999984741211,13.15999984741211,13.15999984741211,0.0,12.941408157348633
2019-10-28,13.5,13.350000381469727,13.350000381469727,13.399999618530273,1300.0,13.177421569824219
2019-10-29,13.109999656677246,13.109999656677246,13.109999656677246,13.109999656677246,200.0,12.89223861694336
2019-10-30,13.0,13.0,13.0,13.0,2100.0,12.784066200256348
2019-10-31,13.0,13.0,13.0,13.0,100.0,12.784066200256348
2019-11-01,13.5,13.020000457763672,13.5,13.329999923706055,3600.0,13.1085844039917
2019-11-04,13.0,13.0,13.0,13.0,600.0,12.784066200256348
2019-11-05,13.100000381469727,13.0,13.100000381469727,13.0,5100.0,12.784066200256348
2019-11-06,13.149999618530273,13.100000381469727,13.149999618530273,13.100000381469727,2700.0,12.882404327392578
2019-11-07,13.100000381469727,13.100000381469727,13.100000381469727,13.100000381469727,500.0,12.882404327392578
2019-11-08,13.489999771118164,13.100000381469727,13.489999771118164,13.420000076293945,4000.0,13.197089195251465
2019-11-11,13.350000381469727,13.319999694824219,13.350000381469727,13.319999694824219,1000.0,13.098751068115234
2019-11-12,13.300000190734863,13.300000190734863,13.300000190734863,13.300000190734863,1500.0,13.079082489013672
2019-11-13,13.380000114440918,13.119999885559082,13.300000190734863,13.300000190734863,4700.0,13.079082489013672
2019-11-14,13.430000305175781,13.300000190734863,13.300000190734863,13.3100004196167,2400.0,13.088916778564453
2019-11-15,13.25,13.25,13.25,13.25,700.0,13.029913902282715
2019-11-18,13.430000305175781,13.170000076293945,13.420000076293945,13.170000076293945,2600.0,12.951241493225098
2019-11-19,13.479999542236328,13.149999618530273,13.149999618530273,13.479999542236328,8600.0,13.256092071533203
2019-11-20,13.5,13.149999618530273,13.15999984741211,13.149999618530273,8500.0,12.931573867797852
2019-11-21,13.479999542236328,13.40999984741211,13.40999984741211,13.479999542236328,800.0,13.256092071533203
2019-11-22,13.479999542236328,13.479999542236328,13.479999542236328,13.479999542236328,100.0,13.256092071533203
2019-11-25,13.350000381469727,13.239999771118164,13.300000190734863,13.270000457763672,40100.0,13.049581527709961
2019-11-26,13.350000381469727,13.350000381469727,13.350000381469727,13.350000381469727,1200.0,13.128252029418945
2019-11-27,13.489999771118164,13.25,13.489999771118164,13.25,3100.0,13.029913902282715
2019-11-29,13.399999618530273,13.399999618530273,13.399999618530273,13.399999618530273,1800.0,13.177421569824219
2019-12-02,13.399999618530273,13.399999618530273,13.399999618530273,13.399999618530273,0.0,13.177421569824219
2019-12-03,13.399999618530273,13.399999618530273,13.399999618530273,13.399999618530273,0.0,13.177421569824219
2019-12-04,13.5,13.3100004196167,13.3100004196167,13.449999809265137,1300.0,13.226591110229492
2019-12-05,13.399999618530273,13.399999618530273,13.399999618530273,13.399999618530273,5500.0,13.177421569824219
2019-12-06,13.6899995803833,13.359999656677246,13.399999618530273,13.449999809265137,11200.0,13.226591110229492
2019-12-09,13.859999656677246,13.600000381469727,13.600000381469727,13.640000343322754,1200.0,13.413435935974121
2019-12-10,13.760000228881836,13.460000038146973,13.460000038146973,13.760000228881836,5700.0,13.531441688537598
2019-12-11,13.8100004196167,13.520000457763672,13.539999961853027,13.8100004196167,800.0,13.580611228942871
2019-12-12,13.75,13.579999923706055,13.579999923706055,13.75,500.0,13.521608352661133
2019-12-13,14.0,13.869999885559082,13.930000305175781,13.869999885559082,900.0,13.639615058898926
2019-12-16,14.25,13.710000038146973,14.229999542236328,13.819999694824219,5900.0,13.590445518493652
2019-12-17,13.850000381469727,13.75,13.8100004196167,13.75,4600.0,13.521608352661133
2019-12-18,13.770000457763672,13.770000457763672,13.770000457763672,13.770000457763672,500.0,13.541275978088379
2019-12-19,13.760000228881836,13.760000228881836,13.760000228881836,13.760000228881836,300.0,13.531441688537598
2019-12-20,13.760000228881836,13.760000228881836,13.760000228881836,13.760000228881836,0.0,13.531441688537598
2019-12-23,13.760000228881836,13.760000228881836,13.760000228881836,13.760000228881836,0.0,13.531441688537598
2019-12-24,13.75,13.609999656677246,13.75,13.609999656677246,1700.0,13.383933067321777
2019-12-26,13.960000038146973,13.850000381469727,13.960000038146973,13.850000381469727,1800.0,13.619948387145996
2019-12-27,14.050000190734863,13.800000190734863,13.989999771118164,13.949999809265137,6900.0,13.71828556060791
2019-12-30,13.949999809265137,13.949999809265137,13.949999809265137,13.949999809265137,0.0,13.71828556060791
2019-12-31,14.199999809265137,13.899999618530273,13.949999809265137,13.899999618530273,700.0,13.669116020202637
2020-01-02,14.010000228881836,14.010000228881836,14.010000228881836,14.010000228881836,2700.0,13.777289390563965
2020-01-03,13.899999618530273,13.850000381469727,13.899999618530273,13.850000381469727,3100.0,13.619948387145996
2020-01-06,13.850000381469727,13.850000381469727,13.850000381469727,13.850000381469727,0.0,13.619948387145996
2020-01-07,13.850000381469727,13.75,13.850000381469727,13.75,10800.0,13.521608352661133
2020-01-08,13.649999618530273,13.649999618530273,13.649999618530273,13.649999618530273,1800.0,13.423269271850586
2020-01-09,14.029999732971191,13.880000114440918,14.029999732971191,13.899999618530273,2900.0,13.669116020202637
2020-01-10,14.140000343322754,14.100000381469727,14.100000381469727,14.140000343322754,1200.0,13.905130386352539
2020-01-13,14.0,14.0,14.0,14.0,200.0,13.7674560546875
2020-01-14,14.0,14.0,14.0,14.0,0.0,13.7674560546875
2020-01-15,13.9399995803833,13.9399995803833,13.9399995803833,13.9399995803833,1600.0,13.708452224731445
2020-01-16,14.079999923706055,13.84000015258789,14.079999923706055,13.84000015258789,4400.0,13.668947219848633
2020-01-17,13.84000015258789,13.84000015258789,13.84000015258789,13.84000015258789,0.0,13.668947219848633
2020-01-21,13.84000015258789,13.84000015258789,13.84000015258789,13.84000015258789,0.0,13.668947219848633
2020-01-22,13.84000015258789,13.84000015258789,13.84000015258789,13.84000015258789,0.0,13.668947219848633
2020-01-23,13.84000015258789,13.84000015258789,13.84000015258789,13.84000015258789,0.0,13.668947219848633
2020-01-24,14.0,13.770000457763672,13.800000190734863,14.0,14700.0,13.826969146728516
2020-01-27,14.0,13.800000190734863,13.800000190734863,13.850000381469727,6500.0,13.678823471069336
2020-01-28,13.949999809265137,13.819999694824219,13.949999809265137,13.9399995803833,2500.0,13.76771068572998
2020-01-29,13.960000038146973,13.890000343322754,13.890000343322754,13.960000038146973,1000.0,13.787463188171387
2020-01-30,13.960000038146973,13.960000038146973,13.960000038146973,13.960000038146973,0.0,13.787463188171387
2020-01-31,13.960000038146973,13.960000038146973,13.960000038146973,13.960000038146973,0.0,13.787463188171387
2020-02-03,14.0,13.850000381469727,14.0,13.850000381469727,1800.0,13.678823471069336
2020-02-04,13.989999771118164,13.920000076293945,13.989999771118164,13.920000076293945,600.0,13.747958183288574
2020-02-05,14.0,13.829999923706055,14.0,13.829999923706055,1700.0,13.659070014953613
2020-02-06,13.960000038146973,13.9399995803833,13.960000038146973,13.9399995803833,200.0,13.76771068572998
2020-02-07,13.979999542236328,13.979999542236328,13.979999542236328,13.979999542236328,500.0,13.807215690612793
2020-02-10,13.9399995803833,13.899999618530273,13.899999618530273,13.9399995803833,800.0,13.76771068572998
2020-02-11,13.899999618530273,13.899999618530273,13.899999618530273,13.899999618530273,700.0,13.728204727172852
2020-02-12,13.899999618530273,13.899999618530273,13.899999618530273,13.899999618530273,0.0,13.728204727172852
2020-02-13,13.899999618530273,13.899999618530273,13.899999618530273,13.899999618530273,0.0,13.728204727172852
2020-02-14,14.5,13.989999771118164,13.989999771118164,14.5,3400.0,14.32079029083252
2020-02-18,14.079999923706055,14.079999923706055,14.079999923706055,14.079999923706055,300.0,13.905980110168457
2020-02-19,14.020000457763672,13.859999656677246,14.020000457763672,13.859999656677246,300.0,13.688698768615723
2020-02-20,13.859999656677246,13.859999656677246,13.859999656677246,13.859999656677246,100.0,13.688698768615723
2020-02-21,14.489999771118164,14.010000228881836,14.010000228881836,14.399999618530273,1600.0,14.222024917602539
2020-02-24,14.4399995803833,14.4399995803833,14.4399995803833,14.4399995803833,700.0,14.261529922485352
2020-02-25,14.4399995803833,14.4399995803833,14.4399995803833,14.4399995803833,0.0,14.261529922485352
2020-02-26,14.4399995803833,14.4399995803833,14.4399995803833,14.4399995803833,0.0,14.261529922485352
2020-02-27,14.180000305175781,14.109999656677246,14.180000305175781,14.130000114440918,1700.0,13.955362319946289
2020-02-28,14.109999656677246,14.109999656677246,14.109999656677246,14.109999656677246,100.0,13.935608863830566
2020-03-02,14.109999656677246,14.109999656677246,14.109999656677246,14.109999656677246,0.0,13.935608863830566
2020-03-03,13.800000190734863,13.770000457763672,13.800000190734863,13.770000457763672,1100.0,13.599812507629395
2020-03-04,13.770000457763672,13.770000457763672,13.770000457763672,13.770000457763672,0.0,13.599812507629395
2020-03-05,14.350000381469727,13.84000015258789,13.960000038146973,14.350000381469727,1800.0,14.172643661499023
2020-03-06,13.949999809265137,13.949999809265137,13.949999809265137,13.949999809265137,100.0,13.777586936950684
2020-03-09,13.670000076293945,13.430000305175781,13.460000038146973,13.430000305175781,1800.0,13.26401424407959
2020-03-10,13.25,13.25,13.25,13.25,1300.0,13.086238861083984
2020-03-11,13.180000305175781,12.510000228881836,13.180000305175781,13.050000190734863,13800.0,12.888710021972656
2020-03-12,13.5,12.109999656677246,12.109999656677246,12.399999618530273,2600.0,12.246744155883789
2020-03-13,12.399999618530273,12.399999618530273,12.399999618530273,12.399999618530273,0.0,12.246744155883789
2020-03-16,12.399999618530273,12.399999618530273,12.399999618530273,12.399999618530273,0.0,12.246744155883789
2020-03-17,12.399999618530273,12.399999618530273,12.399999618530273,12.399999618530273,0.0,12.246744155883789
2020-03-18,11.109999656677246,11.100000381469727,11.109999656677246,11.100000381469727,800.0,10.962811470031738
2020-03-19,11.100000381469727,11.020000457763672,11.100000381469727,11.029999732971191,3200.0,10.893675804138184
2020-03-20,11.199999809265137,11.0,11.199999809265137,11.0,4400.0,10.864047050476074
2020-03-23,10.699999809265137,9.760000228881836,10.699999809265137,9.760000228881836,4600.0,9.639372825622559
2020-03-24,10.569999694824219,9.970000267028809,10.569999694824219,10.0,14400.0,9.8764066696167
2020-03-25,10.5600004196167,9.699999809265137,10.5600004196167,9.699999809265137,3400.0,9.580114364624023
2020-03-26,10.25,9.899999618530273,9.949999809265137,10.0,5200.0,9.8764066696167
2020-03-27,10.09000015258789,9.960000038146973,9.989999771118164,9.960000038146973,800.0,9.83690071105957
2020-03-30,11.220000267028809,10.029999732971191,10.039999961853027,11.220000267028809,5200.0,11.081328392028809
2020-03-31,12.399999618530273,10.109999656677246,12.390000343322754,10.699999809265137,11600.0,10.567754745483398
2020-04-01,10.039999961853027,9.720000267028809,10.039999961853027,9.720000267028809,1700.0,9.599867820739746
2020-04-02,10.399999618530273,9.720000267028809,9.720000267028809,10.399999618530273,500.0,10.271462440490723
2020-04-03,10.399999618530273,10.399999618530273,10.399999618530273,10.399999618530273,0.0,10.271462440490723
2020-04-06,10.369999885559082,9.899999618530273,10.359999656677246,9.899999618530273,1900.0,9.777642250061035
2020-04-07,10.359999656677246,9.819999694824219,9.819999694824219,10.359999656677246,300.0,10.23195743560791
2020-04-08,10.380000114440918,10.0,10.0,10.270000457763672,6300.0,10.14306926727295
2020-04-09,11.40999984741211,9.899999618530273,10.0,10.1899995803833,9400.0,10.064057350158691
2020-04-13,10.369999885559082,10.0,10.369999885559082,10.050000190734863,2200.0,9.925788879394531
2020-04-14,10.8100004196167,9.5,10.8100004196167,9.59000015258789,16800.0,9.471473693847656
2020-04-15,9.850000381469727,9.5,9.75,9.5,3700.0,9.441658020019531
2020-04-16,9.579999923706055,9.300000190734863,9.420000076293945,9.3100004196167,18300.0,9.252825736999512
2020-04-17,9.760000228881836,9.300000190734863,9.760000228881836,9.399999618530273,10900.0,9.34227180480957
2020-04-20,9.520000457763672,9.319999694824219,9.520000457763672,9.369999885559082,6500.0,9.312456130981445
2020-04-21,9.520000457763672,9.260000228881836,9.520000457763672,9.350000381469727,1700.0,9.292579650878906
2020-04-22,9.430000305175781,9.359999656677246,9.359999656677246,9.430000305175781,2800.0,9.372088432312012
2020-04-23,9.630000114440918,9.270000457763672,9.270000457763672,9.270000457763672,2200.0,9.2130708694458
2020-04-24,9.4399995803833,9.300000190734863,9.4399995803833,9.369999885559082,3100.0,9.312456130981445
2020-04-27,9.5600004196167,9.3100004196167,9.5600004196167,9.3100004196167,2000.0,9.252825736999512
2020-04-28,9.890000343322754,9.319999694824219,9.319999694824219,9.890000343322754,12600.0,9.829263687133789
2020-04-29,10.039999961853027,9.75,9.75,10.010000228881836,2000.0,9.948526382446289
2020-04-30,10.109999656677246,9.989999771118164,10.109999656677246,9.989999771118164,500.0,9.928648948669434
2020-05-01,10.699999809265137,10.699999809265137,10.699999809265137,10.699999809265137,600.0,10.634288787841797
2020-05-04,10.699999809265137,10.699999809265137,10.699999809265137,10.699999809265137,0.0,10.634288787841797
2020-05-05,10.930000305175781,10.069999694824219,10.350000381469727,10.930000305175781,2100.0,10.862876892089844
2020-05-06,10.930000305175781,10.930000305175781,10.930000305175781,10.930000305175781,0.0,10.862876892089844
2020-05-07,10.5,9.260000228881836,10.5,9.75,9200.0,9.690122604370117
2020-05-08,10.489999771118164,9.989999771118164,10.069999694824219,9.989999771118164,1000.0,9.928648948669434
2020-05-11,9.489999771118164,9.489999771118164,9.489999771118164,9.489999771118164,400.0,9.431719779968262
2020-05-12,9.989999771118164,9.5,9.520000457763672,9.899999618530273,1600.0,9.839200973510742
2020-05-13,9.420000076293945,9.300000190734863,9.34000015258789,9.300000190734863,1500.0,9.242886543273926
2020-05-14,9.720000267028809,9.270000457763672,9.270000457763672,9.720000267028809,1800.0,9.660306930541992
2020-05-15,9.649999618530273,9.300000190734863,9.649999618530273,9.350000381469727,1400.0,9.292579650878906
2020-05-18,9.989999771118164,9.489999771118164,9.989999771118164,9.489999771118164,1200.0,9.431719779968262
2020-05-19,9.989999771118164,9.8100004196167,9.949999809265137,9.8100004196167,2400.0,9.749754905700684
2020-05-20,9.989999771118164,9.800000190734863,9.989999771118164,9.800000190734863,3500.0,9.739815711975098
2020-05-21,10.449999809265137,10.0,10.0,10.449999809265137,400.0,10.385824203491211
2020-05-22,10.460000038146973,10.050000190734863,10.25,10.460000038146973,3000.0,10.39576244354248
2020-05-26,10.4399995803833,9.90999984741211,10.4399995803833,9.90999984741211,7200.0,9.849140167236328
2020-05-27,10.430000305175781,10.050000190734863,10.140000343322754,10.430000305175781,5100.0,10.365946769714355
2020-05-28,10.25,9.899999618530273,10.100000381469727,9.949999809265137,4700.0,9.888894081115723
2020-05-29,10.420000076293945,9.609999656677246,10.0600004196167,10.420000076293945,3700.0,10.356008529663086
2020-06-01,10.119999885559082,9.619999885559082,9.630000114440918,9.75,4700.0,9.690122604370117
2020-06-02,10.100000381469727,9.899999618530273,9.899999618530273,10.100000381469727,1100.0,10.037973403930664
2020-06-03,10.109999656677246,10.109999656677246,10.109999656677246,10.109999656677246,700.0,10.047911643981934
2020-06-04,10.0600004196167,9.779999732971191,9.989999771118164,10.0600004196167,4400.0,9.99821949005127
2020-06-05,10.229999542236328,9.899999618530273,10.050000190734863,9.899999618530273,4400.0,9.839200973510742
2020-06-08,10.449999809265137,9.859999656677246,9.949999809265137,10.40999984741211,5300.0,10.3460693359375
2020-06-09,10.40999984741211,10.40999984741211,10.40999984741211,10.40999984741211,0.0,10.3460693359375
2020-06-10,10.25,10.25,10.25,10.25,100.0,10.187051773071289
2020-06-11,10.039999961853027,9.949999809265137,10.039999961853027,10.0,2500.0,9.938587188720703
2020-06-12,9.989999771118164,9.800000190734863,9.989999771118164,9.9399995803833,2600.0,9.878955841064453
2020-06-15,10.069999694824219,9.75,9.859999656677246,9.75,2000.0,9.690122604370117
2020-06-16,10.199999809265137,9.75,9.800000190734863,10.199999809265137,1100.0,10.137358665466309
2020-06-17,10.050000190734863,9.899999618530273,10.050000190734863,9.970000267028809,1500.0,9.908772468566895
2020-06-18,10.100000381469727,9.899999618530273,9.899999618530273,10.010000228881836,1900.0,9.948526382446289
2020-06-19,10.130000114440918,9.899999618530273,9.930000305175781,10.130000114440918,1200.0,10.067789077758789
2020-06-22,10.130000114440918,10.130000114440918,10.130000114440918,10.130000114440918,0.0,10.067789077758789
2020-06-23,9.949999809265137,9.920000076293945,9.949999809265137,9.920000076293945,300.0,9.859079360961914
2020-06-24,9.75,9.720000267028809,9.75,9.720000267028809,400.0,9.660306930541992
2020-06-25,9.350000381469727,9.300000190734863,9.350000381469727,9.300000190734863,2000.0,9.242886543273926
2020-06-26,9.550000190734863,9.260000228881836,9.449999809265137,9.489999771118164,4900.0,9.431719779968262
2020-06-29,9.449999809265137,9.260000228881836,9.300000190734863,9.319999694824219,8700.0,9.262763023376465
2020-06-30,9.960000038146973,9.449999809265137,9.489999771118164,9.539999961853027,3400.0,9.481412887573242
2020-07-01,9.539999961853027,9.489999771118164,9.539999961853027,9.539999961853027,1000.0,9.481412887573242
2020-07-02,9.869999885559082,9.520000457763672,9.649999618530273,9.529999732971191,1700.0,9.471473693847656
2020-07-06,10.0,9.75,10.0,9.800000190734863,1000.0,9.739815711975098
2020-07-07,9.75,9.699999809265137,9.699999809265137,9.75,700.0,9.690122604370117
2020-07-08,9.800000190734863,9.670000076293945,9.670000076293945,9.800000190734863,600.0,9.739815711975098
2020-07-09,9.920000076293945,9.75,9.779999732971191,9.920000076293945,1500.0,9.859079360961914
2020-07-10,9.800000190734863,9.550000190734863,9.710000038146973,9.649999618530273,15000.0,9.590736389160156
2020-07-13,10.0,9.880000114440918,10.0,9.880000114440918,1000.0,9.819324493408203
2020-07-14,9.9399995803833,9.9399995803833,9.9399995803833,9.9399995803833,200.0,9.878955841064453
2020-07-15,9.789999961853027,9.75,9.75,9.770000457763672,1100.0,9.710000038146973
2020-07-16,10.0,10.0,10.0,10.0,400.0,10.0
2020-07-17,10.0,9.420000076293945,9.970000267028809,9.510000228881836,25200.0,9.510000228881836
2020-07-20,9.5,9.5,9.5,9.5,800.0,9.5
2020-07-21,9.649999618530273,9.5,9.510000228881836,9.649999618530273,1400.0,9.649999618530273
2020-07-22,9.670000076293945,9.470000267028809,9.470000267028809,9.5,3900.0,9.5
2020-07-23,9.65999984741211,9.40999984741211,9.65999984741211,9.40999984741211,300.0,9.40999984741211
2020-07-24,9.40999984741211,9.40999984741211,9.40999984741211,9.40999984741211,0.0,9.40999984741211
2020-07-27,9.399999618530273,9.199999809265137,9.390000343322754,9.399999618530273,8100.0,9.399999618530273
2020-07-28,9.699999809265137,9.300000190734863,9.300000190734863,9.699999809265137,700.0,9.699999809265137
2020-07-29,9.390000343322754,9.25,9.390000343322754,9.25,2500.0,9.25
2020-07-30,9.25,9.130000114440918,9.25,9.199999809265137,2600.0,9.199999809265137
2020-07-31,9.739999771118164,9.25,9.699999809265137,9.300000190734863,3000.0,9.300000190734863
2020-08-03,9.520000457763672,9.140000343322754,9.3100004196167,9.149999618530273,9100.0,9.149999618530273
2020-08-04,9.149999618530273,9.149999618530273,9.149999618530273,9.149999618530273,100.0,9.149999618530273
2020-08-05,9.59000015258789,9.300000190734863,9.430000305175781,9.5,3600.0,9.5
2020-08-06,9.5,9.5,9.5,9.5,0.0,9.5
2020-08-07,9.300000190734863,9.079999923706055,9.25,9.300000190734863,6300.0,9.300000190734863
2020-08-10,9.300000190734863,9.260000228881836,9.289999961853027,9.260000228881836,1500.0,9.260000228881836
2020-08-11,9.869999885559082,9.210000038146973,9.25,9.869999885559082,3400.0,9.869999885559082
2020-08-12,9.90999984741211,9.800000190734863,9.800000190734863,9.90999984741211,1700.0,9.90999984741211
2020-08-13,9.949999809265137,9.899999618530273,9.899999618530273,9.899999618530273,1900.0,9.899999618530273
2020-08-14,10.010000228881836,10.0,10.010000228881836,10.0,2000.0,10.0
2020-08-17,9.949999809265137,9.880000114440918,9.949999809265137,9.930000305175781,1200.0,9.930000305175781
2020-08-18,9.550000190734863,9.369999885559082,9.369999885559082,9.550000190734863,1600.0,9.550000190734863
2020-08-19,9.550000190734863,9.550000190734863,9.550000190734863,9.550000190734863,0.0,9.550000190734863
2020-08-20,9.390000343322754,9.199999809265137,9.380000114440918,9.329999923706055,3200.0,9.329999923706055
2020-08-21,9.75,9.739999771118164,9.739999771118164,9.75,500.0,9.75
2020-08-24,9.930000305175781,9.800000190734863,9.800000190734863,9.920000076293945,3000.0,9.920000076293945
2020-08-25,9.920000076293945,9.920000076293945,9.920000076293945,9.920000076293945,0.0,9.920000076293945
2020-08-26,10.039999961853027,10.020000457763672,10.020000457763672,10.039999961853027,3100.0,10.039999961853027
2020-08-27,9.880000114440918,9.569999694824219,9.779999732971191,9.600000381469727,1700.0,9.600000381469727
2020-08-28,9.600000381469727,9.539999961853027,9.539999961853027,9.600000381469727,1300.0,9.600000381469727
2020-08-31,9.890000343322754,9.510000228881836,9.890000343322754,9.510000228881836,2200.0,9.510000228881836
2020-09-01,10.130000114440918,9.800000190734863,9.819999694824219,10.130000114440918,20800.0,10.130000114440918
2020-09-02,10.130000114440918,10.130000114440918,10.130000114440918,10.130000114440918,0.0,10.130000114440918
2020-09-03,10.130000114440918,10.130000114440918,10.130000114440918,10.130000114440918,0.0,10.130000114440918
2020-09-04,10.029999732971191,10.029999732971191,10.029999732971191,10.029999732971191,1100.0,10.029999732971191
2020-09-08,10.25,10.1899995803833,10.25,10.1899995803833,800.0,10.1899995803833
2020-09-09,10.130000114440918,9.869999885559082,10.0,10.0,3800.0,10.0
2020-09-10,9.920000076293945,9.75,9.920000076293945,9.760000228881836,400.0,9.760000228881836
2020-09-11,9.880000114440918,9.760000228881836,9.760000228881836,9.760000228881836,500.0,9.760000228881836
2020-09-14,9.760000228881836,9.760000228881836,9.760000228881836,9.760000228881836,200.0,9.760000228881836
2020-09-15,10.029999732971191,9.800000190734863,9.829999923706055,10.0,1700.0,10.0
2020-09-16,10.569999694824219,10.0600004196167,10.25,10.569999694824219,4000.0,10.569999694824219
2020-09-17,11.0,10.25,10.25,11.0,1700.0,11.0
2020-09-18,11.300000190734863,10.319999694824219,10.550000190734863,11.300000190734863,5200.0,11.300000190734863
2020-09-21,11.029999732971191,11.0,11.029999732971191,11.0,800.0,11.0
2020-09-22,10.899999618530273,10.850000381469727,10.859999656677246,10.899999618530273,600.0,10.899999618530273
2020-09-23,11.390000343322754,11.319999694824219,11.390000343322754,11.319999694824219,500.0,11.319999694824219
2020-09-24,10.289999961853027,10.119999885559082,10.119999885559082,10.289999961853027,500.0,10.289999961853027
2020-09-25,10.289999961853027,10.289999961853027,10.289999961853027,10.289999961853027,0.0,10.289999961853027
2020-09-28,10.300000190734863,10.119999885559082,10.140000343322754,10.300000190734863,2300.0,10.300000190734863
2020-09-29,10.300000190734863,10.300000190734863,10.300000190734863,10.300000190734863,0.0,10.300000190734863
2020-09-30,10.300000190734863,10.300000190734863,10.300000190734863,10.300000190734863,0.0,10.300000190734863
2020-10-01,10.649999618530273,10.649999618530273,10.649999618530273,10.649999618530273,500.0,10.649999618530273
2020-10-02,10.649999618530273,10.649999618530273,10.649999618530273,10.649999618530273,0.0,10.649999618530273
