Date,High,Low,Open,Close,Volume,Adj Close
2018-01-02,343.0,332.5,342.0,333.0,5600.0,326.2821350097656
2018-01-03,331.0,323.5,330.5,324.5,5400.0,317.9536437988281
2018-01-04,322.5,316.5,319.5,319.0,4700.0,312.5646057128906
2018-01-05,315.5,308.5,314.5,309.5,5900.0,303.2562255859375
2018-01-08,309.5,304.0,309.5,306.0,3700.0,299.8268737792969
2018-01-09,309.5,303.5,304.5,308.0,1700.0,301.7864685058594
2018-01-10,315.5,311.5,313.0,311.5,4100.0,305.2158508300781
2018-01-11,311.5,306.5,309.0,306.5,3900.0,300.3167419433594
2018-01-12,309.0,301.0,308.5,302.5,4400.0,296.39739990234375
2018-01-16,308.0,293.5,298.5,305.5,8100.0,299.3368835449219
2018-01-17,303.5,291.5,301.5,292.5,8500.0,286.5991516113281
2018-01-18,293.0,288.0,293.0,290.5,5600.0,284.6395263671875
2018-01-19,292.5,287.5,289.0,288.5,2700.0,282.67987060546875
2018-01-22,290.5,280.5,289.5,280.5,4500.0,274.84130859375
2018-01-23,279.0,275.0,277.5,276.0,5400.0,270.4320068359375
2018-01-24,286.0,273.5,275.0,283.0,10300.0,277.2908630371094
2018-01-25,286.5,277.0,277.0,284.0,3800.0,278.2706604003906
2018-01-26,280.5,271.5,280.0,271.5,3800.0,266.0228271484375
2018-01-29,280.0,274.0,274.5,278.0,5500.0,272.3916931152344
2018-01-30,288.5,282.0,287.5,286.5,12500.0,280.72027587890625
2018-01-31,285.0,279.0,281.0,279.5,9500.0,273.8614196777344
2018-02-01,284.0,273.5,284.0,279.5,9300.0,273.8614196777344
2018-02-02,304.0,288.0,288.5,303.0,19900.0,296.8873596191406
2018-02-05,340.0,296.5,313.5,337.0,42800.0,330.20147705078125
2018-02-06,361.0,311.5,356.0,313.5,41000.0,307.175537109375
2018-02-07,325.0,306.0,316.0,325.0,17500.0,318.44354248046875
2018-02-08,365.5,321.5,322.5,365.0,24900.0,357.6366271972656
2018-02-09,383.5,331.0,348.0,338.5,51000.0,331.6711730957031
2018-02-12,335.5,314.5,327.5,321.0,16300.0,314.5242004394531
2018-02-13,329.0,316.0,327.5,318.0,14800.0,311.5847473144531
2018-02-14,323.5,299.0,323.5,301.0,30000.0,294.9277038574219
2018-02-15,303.0,284.0,294.5,284.5,20200.0,278.7605895996094
2018-02-16,286.5,276.5,286.5,285.5,16300.0,279.74041748046875
2018-02-20,290.5,278.0,290.0,284.5,16700.0,278.7605895996094
2018-02-21,289.5,274.5,280.0,289.5,24100.0,283.6596984863281
2018-02-22,291.0,281.0,286.5,288.5,14200.0,282.67987060546875
2018-02-23,283.5,271.0,282.0,271.0,18300.0,265.532958984375
2018-02-26,267.5,258.0,266.5,258.5,14700.0,253.28512573242188
2018-02-27,265.5,254.0,257.0,265.0,20300.0,259.6539611816406
2018-02-28,272.0,258.0,260.0,272.0,18400.0,266.5126647949219
2018-03-01,291.0,266.0,270.0,284.5,35300.0,278.7605895996094
2018-03-02,296.5,275.5,295.5,277.0,26500.0,271.411865234375
2018-03-05,283.0,266.0,281.0,268.5,13400.0,263.0833435058594
2018-03-06,270.5,263.0,264.0,267.0,11500.0,261.61358642578125
2018-03-07,273.0,262.0,273.0,262.5,12500.0,257.2043762207031
2018-03-08,264.0,258.5,259.5,259.0,13900.0,253.77503967285156
2018-03-09,254.5,245.0,253.0,245.0,13700.0,240.0574493408203
2018-03-12,244.5,239.5,243.0,242.5,6900.0,237.6078643798828
2018-03-13,253.0,236.5,239.5,250.0,16000.0,244.95655822753906
2018-03-14,255.0,247.0,248.0,251.5,13000.0,246.42630004882812
2018-03-15,254.5,246.5,251.0,251.0,13800.0,245.9364013671875
2018-03-16,252.0,247.0,250.5,252.0,5400.0,246.91622924804688
2018-03-19,273.0,258.5,259.0,267.0,35800.0,261.61358642578125
2018-03-20,271.0,263.5,268.0,267.0,12100.0,261.90789794921875
2018-03-21,273.5,261.0,269.5,271.5,11600.0,266.32208251953125
2018-03-22,293.0,277.0,283.0,293.0,26700.0,287.4120178222656
2018-03-23,316.5,290.5,293.5,315.5,33600.0,309.4828796386719
2018-03-26,310.0,279.5,297.0,280.0,29200.0,274.6599426269531
2018-03-27,313.5,274.5,275.0,307.0,42300.0,301.14501953125
2018-03-28,319.0,298.5,310.5,313.5,66100.0,307.52105712890625
2018-03-29,313.0,285.6000061035156,301.8999938964844,293.8999938964844,40900.0,288.294921875
2018-04-02,325.70001220703125,294.5,301.0,316.29998779296875,74800.0,310.26763916015625
2018-04-03,323.0,304.8999938964844,307.79998779296875,306.5,56400.0,300.654541015625
2018-04-04,327.3999938964844,291.6000061035156,325.70001220703125,294.1000061035156,27100.0,288.4910583496094
2018-04-05,296.29998779296875,284.70001220703125,286.3999938964844,290.6000061035156,16700.0,285.0578308105469
2018-04-06,315.29998779296875,291.79998779296875,299.20001220703125,312.20001220703125,24200.0,306.24591064453125
2018-04-09,306.0,286.70001220703125,303.70001220703125,305.6000061035156,20100.0,299.7716979980469
2018-04-10,295.20001220703125,278.6000061035156,290.20001220703125,282.5,22700.0,277.1122741699219
2018-04-11,288.5,280.20001220703125,288.5,287.6000061035156,13700.0,282.11505126953125
2018-04-12,282.5,273.5,279.6000061035156,276.6000061035156,13000.0,271.3248291015625
2018-04-13,283.5,270.6000061035156,271.29998779296875,279.6000061035156,20900.0,274.2676086425781
2018-04-16,279.0,270.3999938964844,274.29998779296875,273.70001220703125,13200.0,268.4801330566406
2018-04-17,267.1000061035156,256.0,266.5,258.29998779296875,18600.0,253.37380981445312
2018-04-18,264.79998779296875,257.6000061035156,257.6000061035156,259.8999938964844,12300.0,254.9433135986328
2018-04-19,271.6000061035156,264.5,265.1000061035156,268.70001220703125,14900.0,263.5755310058594
2018-04-20,283.20001220703125,270.5,270.70001220703125,280.5,27700.0,275.1504211425781
2018-04-23,286.8999938964844,274.79998779296875,278.20001220703125,283.29998779296875,14800.0,277.89703369140625
2018-04-24,304.0,277.0,279.20001220703125,297.8999938964844,28700.0,292.21856689453125
2018-04-25,309.1000061035156,294.20001220703125,295.79998779296875,298.29998779296875,33300.0,292.6109313964844
2018-04-26,290.29998779296875,278.3999938964844,287.5,282.1000061035156,20400.0,276.71990966796875
2018-04-27,287.70001220703125,273.0,273.1000061035156,283.6000061035156,15800.0,278.19134521484375
2018-04-30,290.0,276.6000061035156,281.20001220703125,289.5,16800.0,283.978759765625
2018-05-01,292.5,278.0,290.3999938964844,278.0,16700.0,272.69805908203125
2018-05-02,280.29998779296875,270.0,274.3999938964844,278.8999938964844,21100.0,273.5809326171875
2018-05-03,290.3999938964844,274.3999938964844,283.29998779296875,277.20001220703125,25500.0,271.91339111328125
2018-05-04,281.1000061035156,260.3999938964844,280.70001220703125,261.29998779296875,23300.0,256.31658935546875
2018-05-07,259.29998779296875,252.6999969482422,258.29998779296875,255.6999969482422,15000.0,250.82339477539062
2018-05-08,260.8999938964844,254.39999389648438,257.3999938964844,254.60000610351562,11700.0,249.744384765625
2018-05-09,255.0,245.1999969482422,252.39999389648438,245.1999969482422,24500.0,240.52365112304688
2018-05-10,242.6999969482422,235.1999969482422,242.5,235.39999389648438,23300.0,230.91055297851562
2018-05-11,238.89999389648438,234.10000610351562,237.1999969482422,236.3000030517578,22200.0,231.79339599609375
2018-05-14,237.39999389648438,231.39999389648438,234.6999969482422,236.89999389648438,14600.0,232.38192749023438
2018-05-15,247.1999969482422,242.0,242.10000610351562,243.6999969482422,28100.0,239.05224609375
2018-05-16,243.8000030517578,238.6999969482422,243.8000030517578,240.6999969482422,8900.0,236.10946655273438
2018-05-17,247.10000610351562,238.39999389648438,243.89999389648438,243.8000030517578,14800.0,239.15036010742188
2018-05-18,247.8000030517578,243.60000610351562,247.1999969482422,247.10000610351562,8400.0,242.38742065429688
2018-05-21,243.5,237.5,241.1999969482422,241.0,24300.0,236.40377807617188
2018-05-22,243.39999389648438,236.3000030517578,238.60000610351562,242.39999389648438,8300.0,237.77703857421875
2018-05-23,248.1999969482422,236.6999969482422,248.1999969482422,236.8000030517578,14900.0,232.28382873535156
2018-05-24,244.1999969482422,236.0,236.5,237.60000610351562,9400.0,233.06858825683594
2018-05-25,239.8000030517578,235.8000030517578,237.89999389648438,237.6999969482422,9300.0,233.1666717529297
2018-05-29,246.39999389648438,238.3000030517578,241.89999389648438,242.3000030517578,18000.0,237.67893981933594
2018-05-30,240.1999969482422,236.0,238.8000030517578,237.10000610351562,12700.0,232.57814025878906
2018-05-31,238.0,232.10000610351562,236.5,236.60000610351562,29800.0,232.08767700195312
2018-06-01,233.3000030517578,224.60000610351562,233.0,224.60000610351562,28600.0,220.3165283203125
2018-06-04,223.8000030517578,218.6999969482422,223.8000030517578,219.5,14200.0,215.31381225585938
2018-06-05,219.39999389648438,215.89999389648438,218.0,216.60000610351562,10600.0,212.46910095214844
2018-06-06,219.1999969482422,213.0,216.60000610351562,213.0,15100.0,208.937744140625
2018-06-07,222.1999969482422,213.5,214.5,219.0,16500.0,214.82333374023438
2018-06-08,224.10000610351562,218.10000610351562,223.60000610351562,218.6999969482422,18400.0,214.52903747558594
2018-06-11,219.8000030517578,216.39999389648438,219.10000610351562,218.60000610351562,8100.0,214.43096923828125
2018-06-12,218.10000610351562,214.89999389648438,218.10000610351562,215.10000610351562,6600.0,210.99771118164062
2018-06-13,218.5,212.3000030517578,216.10000610351562,218.5,20100.0,214.33287048339844
2018-06-14,217.10000610351562,212.1999969482422,216.3000030517578,214.8000030517578,15600.0,210.7034454345703
2018-06-15,220.3000030517578,215.8000030517578,216.6999969482422,216.39999389648438,18000.0,212.27288818359375
2018-06-18,223.0,215.39999389648438,220.8000030517578,215.6999969482422,21400.0,211.58627319335938
2018-06-19,226.89999389648438,218.89999389648438,224.0,219.39999389648438,21400.0,215.46543884277344
2018-06-20,218.0,214.60000610351562,217.1999969482422,217.60000610351562,10700.0,213.6977081298828
2018-06-21,223.89999389648438,215.0,217.39999389648438,222.8000030517578,14800.0,218.804443359375
2018-06-22,227.5,220.89999389648438,220.89999389648438,224.89999389648438,13600.0,220.86679077148438
2018-06-25,244.3000030517578,229.8000030517578,229.8000030517578,238.8000030517578,57000.0,234.51751708984375
2018-06-26,238.10000610351562,231.5,236.89999389648438,236.0,20600.0,231.76773071289062
2018-06-27,245.8000030517578,231.0,234.0,245.8000030517578,22500.0,241.39199829101562
2018-06-28,246.8000030517578,234.5,246.8000030517578,236.8000030517578,21400.0,232.5533905029297
2018-06-29,238.1999969482422,231.5,234.0,237.6999969482422,16400.0,233.43724060058594
2018-07-02,244.1999969482422,230.6999969482422,243.0,231.0,17700.0,226.85739135742188
2018-07-03,239.39999389648438,228.3000030517578,228.5,239.39999389648438,11500.0,235.1067657470703
2018-07-05,236.60000610351562,228.89999389648438,234.6999969482422,229.3000030517578,17800.0,225.18789672851562
2018-07-06,230.1999969482422,220.3000030517578,228.60000610351562,221.10000610351562,16500.0,217.13494873046875
2018-07-09,221.0,216.3000030517578,217.39999389648438,216.3000030517578,12500.0,212.42100524902344
2018-07-10,216.10000610351562,213.10000610351562,215.60000610351562,214.5,10400.0,210.65330505371094
2018-07-11,222.3000030517578,214.89999389648438,222.3000030517578,217.89999389648438,21900.0,213.99232482910156
2018-07-12,214.60000610351562,206.8000030517578,214.60000610351562,206.89999389648438,21000.0,203.18959045410156
2018-07-13,209.6999969482422,206.3000030517578,206.39999389648438,207.39999389648438,9600.0,203.6806182861328
2018-07-16,210.3000030517578,206.5,207.3000030517578,209.39999389648438,11300.0,205.64474487304688
2018-07-17,214.3000030517578,203.6999969482422,214.3000030517578,204.6999969482422,15900.0,201.02903747558594
2018-07-18,207.8000030517578,204.6999969482422,204.6999969482422,205.60000610351562,9600.0,201.9129180908203
2018-07-19,208.8000030517578,205.0,207.8000030517578,208.1999969482422,12100.0,204.4662628173828
2018-07-20,208.60000610351562,204.5,206.6999969482422,207.8000030517578,6400.0,204.07347106933594
2018-07-23,211.5,204.5,209.5,205.1999969482422,22100.0,201.5200653076172
2018-07-24,203.8000030517578,195.8000030517578,198.6999969482422,201.5,19900.0,197.8864288330078
2018-07-25,202.10000610351562,193.8000030517578,200.8000030517578,194.39999389648438,15200.0,190.91375732421875
2018-07-26,204.60000610351562,201.10000610351562,203.10000610351562,202.60000610351562,18100.0,198.9667205810547
2018-07-27,216.6999969482422,201.60000610351562,201.60000610351562,213.60000610351562,29700.0,209.76943969726562
2018-07-30,226.89999389648438,212.5,213.60000610351562,223.10000610351562,48200.0,219.0990753173828
2018-07-31,225.1999969482422,217.1999969482422,220.89999389648438,221.39999389648438,21800.0,217.4295654296875
2018-08-01,218.8000030517578,213.39999389648438,217.10000610351562,215.89999389648438,17400.0,212.02818298339844
2018-08-02,221.10000610351562,206.89999389648438,221.10000610351562,207.39999389648438,25400.0,203.6806182861328
2018-08-03,210.0,205.5,207.39999389648438,205.5,18500.0,201.814697265625
2018-08-06,206.6999969482422,201.6999969482422,205.89999389648438,201.6999969482422,15000.0,198.0828399658203
2018-08-07,200.60000610351562,198.0,200.0,199.60000610351562,15000.0,196.0205078125
2018-08-08,201.39999389648438,197.0,200.0,198.3000030517578,5400.0,194.7438201904297
2018-08-09,198.10000610351562,195.8000030517578,198.10000610351562,197.8000030517578,7600.0,194.25277709960938
2018-08-10,204.5,199.89999389648438,202.5,202.39999389648438,14900.0,198.77027893066406
2018-08-13,203.60000610351562,197.3000030517578,201.10000610351562,203.39999389648438,16700.0,199.75234985351562
2018-08-14,204.89999389648438,199.1999969482422,201.39999389648438,199.8000030517578,6900.0,196.21690368652344
2018-08-15,209.8000030517578,201.6999969482422,203.6999969482422,205.10000610351562,21900.0,201.421875
2018-08-16,203.8000030517578,199.10000610351562,200.10000610351562,202.89999389648438,9600.0,199.2613067626953
2018-08-17,206.60000610351562,200.1999969482422,204.3000030517578,201.3000030517578,10000.0,197.6900177001953
2018-08-20,205.1999969482422,200.3000030517578,200.3000030517578,202.60000610351562,12200.0,198.9667205810547
2018-08-21,202.5,198.1999969482422,201.0,201.39999389648438,22700.0,197.78822326660156
2018-08-22,204.5,199.10000610351562,203.10000610351562,199.89999389648438,8600.0,196.31512451171875
2018-08-23,200.3000030517578,195.39999389648438,200.3000030517578,199.10000610351562,10400.0,195.52947998046875
2018-08-24,197.89999389648438,192.6999969482422,197.89999389648438,193.0,14100.0,189.5388641357422
2018-08-27,190.6999969482422,187.3000030517578,190.0,187.8000030517578,12800.0,184.43211364746094
2018-08-28,188.0,185.60000610351562,186.3000030517578,186.8000030517578,9100.0,183.45005798339844
2018-08-29,186.8000030517578,181.3000030517578,186.8000030517578,181.89999389648438,14500.0,178.63792419433594
2018-08-30,184.89999389648438,180.0,183.39999389648438,183.5,15100.0,180.20924377441406
2018-08-31,184.8000030517578,181.89999389648438,183.8000030517578,182.89999389648438,15200.0,179.61997985839844
2018-09-04,188.6999969482422,184.5,184.6999969482422,184.89999389648438,18200.0,181.58412170410156
2018-09-05,195.0,186.0,186.3000030517578,192.5,31300.0,189.04782104492188
2018-09-06,200.60000610351562,192.10000610351562,193.1999969482422,196.39999389648438,27100.0,192.8778839111328
2018-09-07,200.39999389648438,193.8000030517578,199.89999389648438,198.5,20000.0,194.9402313232422
2018-09-10,199.6999969482422,195.6999969482422,195.89999389648438,196.5,14400.0,192.97610473632812
2018-09-11,199.5,190.39999389648438,198.8000030517578,191.60000610351562,14600.0,188.16397094726562
2018-09-12,198.39999389648438,192.60000610351562,192.60000610351562,193.8000030517578,15500.0,190.3245086669922
2018-09-13,190.3000030517578,185.8000030517578,190.3000030517578,187.39999389648438,16300.0,184.03929138183594
2018-09-14,190.10000610351562,185.39999389648438,187.10000610351562,187.3000030517578,14400.0,183.94110107421875
2018-09-17,195.39999389648438,187.89999389648438,188.10000610351562,194.8000030517578,20500.0,191.3065948486328
2018-09-18,195.1999969482422,188.39999389648438,195.1999969482422,190.89999389648438,15400.0,187.4765167236328
2018-09-19,195.8000030517578,189.5,191.39999389648438,192.60000610351562,9000.0,189.1460418701172
2018-09-20,190.6999969482422,185.1999969482422,188.39999389648438,186.0,18100.0,182.6643829345703
2018-09-21,188.3000030517578,183.0,184.39999389648438,187.60000610351562,24100.0,184.2357177734375
2018-09-24,192.89999389648438,185.60000610351562,191.0,185.89999389648438,19200.0,182.56619262695312
2018-09-25,187.6999969482422,184.60000610351562,185.5,185.6999969482422,11500.0,182.98992919921875
2018-09-26,188.5,182.60000610351562,185.1999969482422,187.6999969482422,14400.0,184.9607391357422
2018-09-27,185.5,183.0,185.10000610351562,184.6999969482422,11800.0,182.0045166015625
2018-09-28,187.0,181.89999389648438,186.1999969482422,182.60000610351562,21700.0,179.9351806640625
2018-10-01,181.5,177.8000030517578,179.89999389648438,180.0,27200.0,177.37310791015625
2018-10-02,182.10000610351562,176.89999389648438,180.8000030517578,180.0,23700.0,177.37310791015625
2018-10-03,179.10000610351562,175.89999389648438,178.3000030517578,178.5,14100.0,175.89500427246094
2018-10-04,191.1999969482422,180.39999389648438,180.8000030517578,187.39999389648438,40600.0,184.6651153564453
2018-10-05,200.39999389648438,186.5,188.0,195.0,47100.0,192.15420532226562
2018-10-08,208.39999389648438,196.1999969482422,196.89999389648438,201.60000610351562,35300.0,198.6578826904297
2018-10-09,202.89999389648438,196.3000030517578,201.89999389648438,199.5,19000.0,196.58851623535156
2018-10-10,228.89999389648438,202.6999969482422,202.6999969482422,227.39999389648438,73200.0,224.0813446044922
2018-10-11,242.60000610351562,219.3000030517578,230.1999969482422,236.8000030517578,69900.0,233.34417724609375
2018-10-12,229.10000610351562,212.39999389648438,217.60000610351562,215.10000610351562,68700.0,211.9608612060547
2018-10-15,225.60000610351562,216.8000030517578,217.6999969482422,225.1999969482422,25600.0,221.9134521484375
2018-10-16,218.5,203.0,217.10000610351562,205.0,45900.0,202.00827026367188
2018-10-17,213.39999389648438,204.0,204.0,207.60000610351562,28400.0,204.5703125
2018-10-18,223.8000030517578,210.6999969482422,210.6999969482422,220.3000030517578,34300.0,217.08497619628906
2018-10-19,222.89999389648438,209.3000030517578,215.10000610351562,220.39999389648438,48000.0,217.1835174560547
2018-10-22,221.60000610351562,211.3000030517578,216.60000610351562,215.10000610351562,33100.0,211.9608612060547
2018-10-23,235.0,214.39999389648438,228.10000610351562,217.39999389648438,83500.0,214.22727966308594
2018-10-24,247.5,218.10000610351562,218.8000030517578,246.1999969482422,72600.0,242.6069793701172
2018-10-25,237.60000610351562,217.8000030517578,235.10000610351562,222.39999389648438,54500.0,219.15432739257812
2018-10-26,244.39999389648438,223.5,240.3000030517578,234.8000030517578,82800.0,231.3733673095703
2018-10-29,261.0,220.8000030517578,224.3000030517578,246.1999969482422,105300.0,242.6069793701172
2018-10-30,254.10000610351562,236.39999389648438,248.1999969482422,238.60000610351562,76000.0,235.117919921875
2018-10-31,228.10000610351562,216.0,227.6999969482422,222.1999969482422,75400.0,218.9572296142578
2018-11-01,226.6999969482422,213.89999389648438,221.39999389648438,214.10000610351562,41600.0,210.9754638671875
2018-11-02,232.0,215.5,218.5,226.60000610351562,71700.0,223.29302978515625
2018-11-05,237.10000610351562,226.0,226.1999969482422,227.39999389648438,40700.0,224.0813446044922
2018-11-06,228.6999969482422,220.1999969482422,228.0,222.6999969482422,28600.0,219.44993591308594
2018-11-07,216.5,203.8000030517578,215.39999389648438,203.8000030517578,42800.0,200.82577514648438
2018-11-08,207.89999389648438,203.60000610351562,205.8000030517578,204.89999389648438,25100.0,201.90972900390625
2018-11-09,220.10000610351562,209.39999389648438,209.39999389648438,214.8000030517578,49600.0,211.66525268554688
2018-11-12,238.5,220.3000030517578,220.89999389648438,237.60000610351562,67600.0,234.1324920654297
2018-11-13,239.0,224.6999969482422,235.60000610351562,236.60000610351562,42100.0,233.1470947265625
2018-11-14,249.1999969482422,227.8000030517578,229.5,246.0,54700.0,242.40989685058594
2018-11-15,248.60000610351562,225.60000610351562,245.10000610351562,227.8000030517578,73800.0,224.47552490234375
2018-11-16,236.5,224.39999389648438,236.10000610351562,228.1999969482422,39200.0,224.86968994140625
2018-11-19,256.1000061035156,231.60000610351562,231.60000610351562,254.5,67700.0,250.78585815429688
2018-11-20,280.8999938964844,261.20001220703125,279.70001220703125,270.6000061035156,106800.0,266.6509094238281
2018-11-21,268.70001220703125,257.1000061035156,259.3999938964844,265.6000061035156,42200.0,261.72393798828125
2018-11-23,275.0,264.5,274.20001220703125,273.29998779296875,18800.0,269.3114929199219
2018-11-26,265.8999938964844,254.60000610351562,261.70001220703125,254.89999389648438,47300.0,251.18002319335938
2018-11-27,264.29998779296875,251.89999389648438,260.29998779296875,253.10000610351562,40200.0,249.40631103515625
2018-11-28,248.1999969482422,226.60000610351562,246.3000030517578,227.0,75300.0,223.68719482421875
2018-11-29,236.5,227.6999969482422,229.89999389648438,233.1999969482422,50700.0,229.79672241210938
2018-11-30,236.0,226.1999969482422,232.1999969482422,226.60000610351562,33800.0,223.29302978515625
2018-12-03,219.0,209.0,209.60000610351562,211.6999969482422,44700.0,208.61048889160156
2018-12-04,237.1999969482422,215.0,216.3000030517578,235.8000030517578,62100.0,232.35874938964844
2018-12-06,255.89999389648438,234.3000030517578,251.5,234.3000030517578,90600.0,230.8806610107422
2018-12-07,262.1000061035156,234.60000610351562,237.3000030517578,259.5,141400.0,255.712890625
2018-12-10,268.0,245.60000610351562,263.8999938964844,248.6999969482422,68900.0,245.07054138183594
2018-12-11,253.39999389648438,235.0,236.89999389648438,247.6999969482422,49400.0,244.0851287841797
2018-12-12,241.8000030517578,230.0,235.6999969482422,241.8000030517578,41000.0,238.27120971679688
2018-12-13,244.8000030517578,233.10000610351562,237.6999969482422,240.8000030517578,33500.0,237.2858123779297
2018-12-14,259.20001220703125,245.89999389648438,250.0,258.6000061035156,42900.0,254.8260040283203
2018-12-17,281.1000061035156,256.3999938964844,260.70001220703125,275.3999938964844,65200.0,271.3808288574219
2018-12-18,275.1000061035156,261.20001220703125,268.70001220703125,267.70001220703125,52700.0,263.793212890625
2018-12-19,293.1000061035156,255.0,269.3999938964844,281.5,113800.0,277.3918151855469
2018-12-20,311.79998779296875,280.0,289.0,300.6000061035156,103100.0,296.2131042480469
2018-12-21,331.20001220703125,289.1000061035156,299.6000061035156,327.1000061035156,149800.0,322.3263854980469
2018-12-24,354.70001220703125,325.3999938964844,339.1000061035156,352.0,143900.0,346.8629455566406
2018-12-26,353.0,290.29998779296875,345.6000061035156,290.5,136200.0,286.2605285644531
2018-12-27,317.5,282.3999938964844,306.3999938964844,282.5,84700.0,279.14599609375
2018-12-28,292.20001220703125,270.8999938964844,276.6000061035156,284.8999938964844,71300.0,281.5174560546875
2018-12-31,284.20001220703125,273.8999938964844,277.6000061035156,276.6000061035156,52300.0,273.3160400390625
2019-01-02,294.1000061035156,271.79998779296875,292.8999938964844,276.70001220703125,59400.0,273.41485595703125
2019-01-03,319.20001220703125,297.29998779296875,299.20001220703125,318.70001220703125,127600.0,314.91619873046875
2019-01-04,303.79998779296875,272.20001220703125,300.8999938964844,276.70001220703125,195000.0,273.41485595703125
2019-01-07,278.1000061035156,263.20001220703125,276.6000061035156,269.0,54000.0,265.8062438964844
2019-01-08,271.79998779296875,258.29998779296875,261.70001220703125,261.8999938964844,52800.0,258.79052734375
2019-01-09,258.79998779296875,248.0,258.79998779296875,252.3000030517578,53500.0,249.3045196533203
2019-01-10,261.5,248.6999969482422,257.70001220703125,248.89999389648438,42500.0,245.94488525390625
2019-01-11,254.5,250.0,254.3000030517578,250.39999389648438,28400.0,247.42706298828125
2019-01-14,259.8999938964844,255.10000610351562,257.6000061035156,257.5,30600.0,254.44276428222656
2019-01-15,256.1000061035156,244.1999969482422,255.6999969482422,245.89999389648438,50900.0,242.98049926757812
2019-01-16,246.39999389648438,240.8000030517578,244.3000030517578,245.60000610351562,35000.0,242.68406677246094
2019-01-17,249.6999969482422,236.1999969482422,248.10000610351562,240.6999969482422,39100.0,237.8422393798828
2019-01-18,238.1999969482422,228.39999389648438,235.0,229.8000030517578,68500.0,227.0716552734375
2019-01-22,246.8000030517578,234.5,235.3000030517578,241.5,69400.0,238.63275146484375
2019-01-23,247.0,233.0,237.89999389648438,239.1999969482422,44600.0,236.36004638671875
2019-01-24,237.10000610351562,230.39999389648438,237.10000610351562,232.6999969482422,25800.0,229.93722534179688
2019-01-25,230.39999389648438,221.3000030517578,228.3000030517578,223.3000030517578,34100.0,220.64883422851562
2019-01-28,237.60000610351562,232.10000610351562,233.1999969482422,232.10000610351562,35900.0,229.34434509277344
2019-01-29,240.60000610351562,230.5,230.5,239.5,31200.0,236.656494140625
2019-01-30,230.5,215.5,228.39999389648438,217.1999969482422,58500.0,214.62124633789062
2019-01-31,222.60000610351562,214.6999969482422,220.89999389648438,218.3000030517578,38100.0,215.7081756591797
2019-02-01,218.6999969482422,211.0,218.60000610351562,214.60000610351562,32500.0,212.0521240234375
2019-02-04,214.60000610351562,204.3000030517578,214.39999389648438,204.3000030517578,32100.0,201.87440490722656
2019-02-05,203.0,197.60000610351562,202.0,199.10000610351562,44200.0,196.7361602783203
2019-02-06,200.6999969482422,195.60000610351562,198.6999969482422,197.0,31100.0,194.66110229492188
2019-02-07,209.1999969482422,200.5,201.89999389648438,205.39999389648438,65300.0,202.96131896972656
2019-02-08,211.6999969482422,202.10000610351562,211.60000610351562,202.10000610351562,43600.0,199.70053100585938
2019-02-11,203.3000030517578,198.10000610351562,199.8000030517578,202.3000030517578,26200.0,199.89816284179688
2019-02-12,198.89999389648438,193.39999389648438,197.5,194.39999389648438,31900.0,192.09193420410156
2019-02-13,193.6999969482422,189.5,191.6999969482422,193.1999969482422,23900.0,190.9062042236328
2019-02-14,196.10000610351562,190.5,195.60000610351562,192.6999969482422,32800.0,190.41212463378906
2019-02-15,191.1999969482422,187.5,188.1999969482422,188.10000610351562,37600.0,185.86676025390625
2019-02-19,189.89999389648438,186.1999969482422,189.89999389648438,187.89999389648438,12300.0,185.6691131591797
2019-02-20,190.1999969482422,185.0,187.1999969482422,187.3000030517578,29200.0,185.07626342773438
2019-02-21,190.60000610351562,184.89999389648438,188.8000030517578,187.3000030517578,37500.0,185.07626342773438
2019-02-22,184.1999969482422,179.8000030517578,184.1999969482422,180.0,34800.0,177.86289978027344
2019-02-25,177.8000030517578,173.8000030517578,175.89999389648438,177.60000610351562,40200.0,175.4914093017578
2019-02-26,179.8000030517578,174.89999389648438,179.39999389648438,176.60000610351562,25500.0,174.5032958984375
2019-02-27,182.5,176.5,178.39999389648438,177.0,36500.0,174.89852905273438
2019-02-28,179.6999969482422,176.60000610351562,178.89999389648438,178.6999969482422,18600.0,176.57835388183594
2019-03-01,179.1999969482422,173.5,174.0,175.0,22600.0,172.9222869873047
2019-03-04,182.6999969482422,171.60000610351562,172.5,177.10000610351562,46800.0,174.99734497070312
2019-03-05,180.3000030517578,177.0,177.5,178.6999969482422,20700.0,176.57835388183594
2019-03-06,182.3000030517578,178.5,179.0,181.60000610351562,40800.0,179.44390869140625
2019-03-07,188.60000610351562,182.6999969482422,182.6999969482422,186.8000030517578,76600.0,184.58218383789062
2019-03-08,194.8000030517578,186.5,194.10000610351562,186.89999389648438,74700.0,184.6809844970703
2019-03-11,184.6999969482422,174.39999389648438,184.6999969482422,174.89999389648438,56600.0,172.82347106933594
2019-03-12,175.0,170.10000610351562,173.3000030517578,172.0,41300.0,169.95791625976562
2019-03-13,170.39999389648438,165.39999389648438,170.39999389648438,168.60000610351562,63600.0,166.59828186035156
2019-03-14,168.89999389648438,165.89999389648438,167.6999969482422,167.39999389648438,26400.0,165.41250610351562
2019-03-15,166.0,159.1999969482422,166.0,161.5,68400.0,159.58255004882812
2019-03-18,162.39999389648438,158.39999389648438,161.5,159.5,45100.0,157.60630798339844
2019-03-19,159.8000030517578,155.8000030517578,156.5,157.89999389648438,55700.0,156.506103515625
2019-03-20,162.1999969482422,155.60000610351562,158.1999969482422,159.5,56500.0,158.0919647216797
2019-03-21,159.5,146.3000030517578,159.5,147.3000030517578,85800.0,145.9996795654297
2019-03-22,158.1999969482422,147.89999389648438,149.8000030517578,158.10000610351562,115700.0,156.704345703125
2019-03-25,163.0,157.0,159.60000610351562,159.89999389648438,133500.0,158.4884490966797
2019-03-26,160.0,152.8000030517578,155.8000030517578,157.39999389648438,51400.0,156.01051330566406
2019-03-27,164.10000610351562,155.10000610351562,156.39999389648438,159.8000030517578,48600.0,158.3893280029297
2019-03-28,161.10000610351562,156.1999969482422,158.8000030517578,158.3000030517578,48000.0,156.90257263183594
2019-03-29,156.5,153.60000610351562,154.8000030517578,153.8000030517578,53900.0,152.44229125976562
2019-04-01,151.60000610351562,146.8000030517578,149.0,147.3000030517578,53500.0,145.9996795654297
2019-04-02,148.39999389648438,145.1999969482422,147.1999969482422,145.8000030517578,40400.0,144.51290893554688
2019-04-03,144.10000610351562,140.1999969482422,143.1999969482422,142.3000030517578,66900.0,141.0438232421875
2019-04-04,146.8000030517578,141.39999389648438,142.1999969482422,144.1999969482422,40900.0,142.9270477294922
2019-04-05,143.5,141.89999389648438,142.89999389648438,142.39999389648438,35200.0,141.14292907714844
2019-04-08,145.10000610351562,140.5,143.39999389648438,140.6999969482422,38700.0,139.4579315185547
2019-04-09,143.60000610351562,141.10000610351562,142.8000030517578,142.8000030517578,40100.0,141.53939819335938
2019-04-10,142.6999969482422,139.60000610351562,142.6999969482422,139.60000610351562,36100.0,138.36764526367188
2019-04-11,141.10000610351562,139.10000610351562,139.3000030517578,140.39999389648438,38900.0,139.16058349609375
2019-04-12,140.3000030517578,137.39999389648438,138.10000610351562,137.39999389648438,50900.0,136.18707275390625
2019-04-15,139.8000030517578,136.60000610351562,137.39999389648438,137.5,40400.0,136.28619384765625
2019-04-16,137.39999389648438,135.1999969482422,136.0,135.6999969482422,34400.0,134.5020751953125
2019-04-17,135.39999389648438,132.89999389648438,133.1999969482422,133.3000030517578,44400.0,132.12327575683594
2019-04-18,135.39999389648438,132.1999969482422,133.1999969482422,132.3000030517578,47700.0,131.13209533691406
2019-04-22,134.3000030517578,131.39999389648438,134.1999969482422,131.39999389648438,29100.0,130.2400360107422
2019-04-23,131.1999969482422,126.69999694824219,130.6999969482422,127.19999694824219,47700.0,126.07711029052734
2019-04-24,127.5999984741211,125.30000305175781,127.0,127.19999694824219,43900.0,126.07711029052734
2019-04-25,129.1999969482422,124.4000015258789,125.4000015258789,127.30000305175781,48500.0,126.17623138427734
2019-04-26,132.6999969482422,128.6999969482422,129.39999389648438,128.6999969482422,46300.0,127.56387329101562
2019-04-29,129.10000610351562,127.5,128.60000610351562,128.8000030517578,27400.0,127.66299438476562
2019-04-30,131.0,127.5999984741211,129.10000610351562,127.9000015258789,41700.0,126.77093505859375
2019-05-01,129.10000610351562,123.30000305175781,124.5,129.10000610351562,74400.0,127.9603500366211
2019-05-02,133.10000610351562,126.4000015258789,129.39999389648438,131.1999969482422,78100.0,130.0417938232422
2019-05-03,130.1999969482422,127.19999694824219,129.39999389648438,127.4000015258789,33000.0,126.27534484863281
2019-05-06,137.6999969482422,129.8000030517578,136.5,130.39999389648438,86900.0,129.2488555908203
2019-05-07,142.39999389648438,133.60000610351562,135.1999969482422,138.8000030517578,135400.0,137.57470703125
2019-05-08,141.10000610351562,135.8000030517578,140.3000030517578,139.60000610351562,80700.0,138.36764526367188
2019-05-09,149.3000030517578,141.0,145.10000610351562,142.3000030517578,165600.0,141.0438232421875
2019-05-10,151.3000030517578,139.1999969482422,144.8000030517578,141.3000030517578,200700.0,140.05264282226562
2019-05-13,158.3000030517578,150.6999969482422,153.10000610351562,157.1999969482422,171300.0,155.81227111816406
2019-05-14,155.10000610351562,146.6999969482422,155.0,149.60000610351562,153600.0,148.2793731689453
2019-05-15,153.0,143.39999389648438,152.60000610351562,144.6999969482422,148200.0,143.422607421875
2019-05-16,144.8000030517578,137.6999969482422,144.0,140.39999389648438,129300.0,139.16058349609375
2019-05-17,145.3000030517578,138.60000610351562,145.3000030517578,144.10000610351562,101400.0,142.82791137695312
2019-05-20,153.89999389648438,148.39999389648438,151.8000030517578,151.8000030517578,98100.0,150.45994567871094
2019-05-21,148.10000610351562,144.8000030517578,147.3000030517578,146.1999969482422,62300.0,144.90939331054688
2019-05-22,149.39999389648438,146.10000610351562,149.1999969482422,148.8000030517578,63600.0,147.4864501953125
2019-05-23,159.6999969482422,154.5,154.5,156.5,202700.0,155.11846923828125
2019-05-24,156.89999389648438,151.60000610351562,154.1999969482422,156.60000610351562,96500.0,155.2175750732422
2019-05-28,158.10000610351562,152.0,155.0,158.10000610351562,115300.0,156.704345703125
2019-05-29,163.8000030517578,158.5,161.3000030517578,160.8000030517578,133400.0,159.38050842285156
2019-05-30,161.0,156.8000030517578,159.60000610351562,158.10000610351562,65000.0,156.704345703125
2019-05-31,165.89999389648438,161.39999389648438,164.0,165.8000030517578,116200.0,164.3363800048828
2019-06-03,177.8000030517578,162.3000030517578,165.1999969482422,174.5,140000.0,172.95957946777344
2019-06-04,170.5,157.10000610351562,167.39999389648438,157.60000610351562,138800.0,156.208740234375
2019-06-05,156.39999389648438,149.89999389648438,151.1999969482422,150.8000030517578,130200.0,149.46876525878906
2019-06-06,151.89999389648438,144.89999389648438,150.0,145.6999969482422,87800.0,144.41378784179688
2019-06-07,144.3000030517578,135.10000610351562,143.1999969482422,137.5,133200.0,136.28619384765625
2019-06-10,134.6999969482422,129.5,134.39999389648438,133.6999969482422,83600.0,132.5197296142578
2019-06-11,135.6999969482422,129.0,129.39999389648438,133.60000610351562,72000.0,132.42062377929688
2019-06-12,136.6999969482422,134.5,135.10000610351562,136.0,59300.0,134.79940795898438
2019-06-13,136.1999969482422,133.1999969482422,134.0,134.6999969482422,46100.0,133.5109100341797
2019-06-14,140.10000610351562,136.8000030517578,138.0,138.39999389648438,64100.0,137.17825317382812
2019-06-17,138.89999389648438,136.0,137.89999389648438,137.8000030517578,30700.0,136.5835418701172
2019-06-18,134.8000030517578,128.39999389648438,133.60000610351562,130.60000610351562,103000.0,129.44711303710938
2019-06-19,132.10000610351562,128.0,129.60000610351562,129.0,71700.0,127.86122131347656
2019-06-20,126.69999694824219,122.19999694824219,123.19999694824219,123.5999984741211,65100.0,122.50889587402344
2019-06-21,125.4000015258789,122.0999984741211,124.5999984741211,125.30000305175781,38200.0,124.19389343261719
2019-06-24,125.0999984741211,123.4000015258789,124.5,124.69999694824219,72600.0,123.59917449951172
2019-06-25,131.3000030517578,123.9000015258789,125.0,131.0,75200.0,130.47132873535156
2019-06-26,127.19999694824219,123.9000015258789,127.0999984741211,126.80000305175781,54100.0,126.28828430175781
2019-06-27,126.5,124.4000015258789,125.0999984741211,125.5999984741211,34300.0,125.09312438964844
2019-06-28,127.0,124.19999694824219,125.0999984741211,125.4000015258789,41300.0,124.89393615722656
2019-07-01,121.5,116.5999984741211,117.9000015258789,119.80000305175781,69100.0,119.31653594970703
2019-07-02,121.0,118.9000015258789,120.30000305175781,118.9000015258789,48500.0,118.42015838623047
2019-07-03,118.80000305175781,116.30000305175781,117.80000305175781,116.5,40900.0,116.02984619140625
2019-07-05,120.5,116.5,118.5,117.0999984741211,56800.0,116.62743377685547
2019-07-08,121.30000305175781,119.4000015258789,119.9000015258789,119.69999694824219,63600.0,119.21693420410156
2019-07-09,122.30000305175781,118.19999694824219,122.0,118.5,57500.0,118.02178192138672
2019-07-10,116.9000015258789,113.69999694824219,116.9000015258789,115.80000305175781,65000.0,115.33267974853516
2019-07-11,115.5999984741211,113.19999694824219,114.80000305175781,114.5999984741211,52000.0,114.13751983642578
2019-07-12,114.0,111.9000015258789,113.69999694824219,112.0999984741211,49100.0,111.64759826660156
2019-07-15,111.9000015258789,110.5999984741211,111.19999694824219,111.0,25100.0,110.55204010009766
2019-07-16,114.5999984741211,111.4000015258789,111.4000015258789,114.0999984741211,42000.0,113.63953399658203
2019-07-17,115.0999984741211,112.69999694824219,113.5,115.0999984741211,40400.0,114.63550567626953
2019-07-18,116.9000015258789,112.0,115.5,112.4000015258789,54100.0,111.94640350341797
2019-07-19,114.4000015258789,109.30000305175781,109.69999694824219,114.19999694824219,69900.0,113.73912811279297
2019-07-22,113.0,109.30000305175781,113.0,110.0,63500.0,109.55608367919922
2019-07-23,110.69999694824219,107.69999694824219,108.0,108.30000305175781,47000.0,107.86294555664062
2019-07-24,109.19999694824219,105.5,109.19999694824219,105.5999984741211,65500.0,105.17383575439453
2019-07-25,108.5,106.4000015258789,106.4000015258789,108.0,52900.0,107.56415557861328
2019-07-26,107.0,105.5999984741211,106.9000015258789,106.30000305175781,41600.0,105.87101745605469
2019-07-29,108.9000015258789,105.69999694824219,106.0999984741211,106.4000015258789,31000.0,105.97061157226562
2019-07-30,109.5,107.19999694824219,108.5999984741211,108.5999984741211,46200.0,108.16172790527344
2019-07-31,116.80000305175781,106.5,106.69999694824219,113.4000015258789,125300.0,112.9423599243164
2019-08-01,116.69999694824219,105.69999694824219,112.69999694824219,115.30000305175781,210800.0,114.8346939086914
2019-08-02,124.0,118.0999984741211,118.0999984741211,121.30000305175781,193600.0,120.81047821044922
2019-08-05,139.0,130.10000610351562,130.1999969482422,136.0,331800.0,135.45115661621094
2019-08-06,134.10000610351562,127.9000015258789,130.5,129.39999389648438,186600.0,128.87777709960938
2019-08-07,135.89999389648438,126.0,134.0,126.69999694824219,257200.0,126.18868255615234
2019-08-08,124.9000015258789,117.69999694824219,124.0,117.69999694824219,173000.0,117.22500610351562
2019-08-09,124.4000015258789,118.9000015258789,119.9000015258789,121.9000015258789,179200.0,121.40806579589844
2019-08-12,128.1999969482422,123.0,124.19999694824219,126.69999694824219,118100.0,126.18868255615234
2019-08-13,127.80000305175781,115.9000015258789,126.9000015258789,117.30000305175781,228500.0,116.82662200927734
2019-08-14,128.8000030517578,122.0999984741211,124.0,128.10000610351562,249100.0,127.58303833007812
2019-08-15,131.8000030517578,126.69999694824219,127.9000015258789,128.8000030517578,288500.0,128.2802276611328
2019-08-16,124.9000015258789,120.5999984741211,124.9000015258789,121.4000015258789,109100.0,120.91007232666016
2019-08-19,117.80000305175781,114.69999694824219,115.69999694824219,115.9000015258789,116300.0,115.4322738647461
2019-08-20,117.69999694824219,114.5999984741211,116.19999694824219,117.5,83900.0,117.02581787109375
2019-08-21,115.0,112.5999984741211,114.5999984741211,113.5999984741211,72500.0,113.14155578613281
2019-08-22,117.30000305175781,111.9000015258789,113.0,114.30000305175781,127600.0,113.83872985839844
2019-08-23,127.0999984741211,113.19999694824219,116.80000305175781,125.80000305175781,285500.0,125.29232025146484
2019-08-26,123.69999694824219,120.4000015258789,120.80000305175781,120.5999984741211,176400.0,120.1133041381836
2019-08-27,123.0999984741211,117.5,118.0,121.19999694824219,138300.0,120.71087646484375
2019-08-28,125.5,120.30000305175781,123.19999694824219,120.9000015258789,168400.0,120.4120864868164
2019-08-29,117.0999984741211,113.5,116.0,114.5,151800.0,114.03791809082031
2019-08-30,117.0999984741211,112.0999984741211,112.5999984741211,114.69999694824219,86600.0,114.23711395263672
2019-09-03,120.0999984741211,116.19999694824219,117.69999694824219,118.80000305175781,127000.0,118.32056427001953
2019-09-04,115.4000015258789,112.69999694824219,115.0,112.9000015258789,133800.0,112.44437408447266
2019-09-05,108.5999984741211,104.5,108.5,105.69999694824219,184000.0,105.27342224121094
2019-09-06,106.9000015258789,105.0,105.5999984741211,106.19999694824219,45300.0,105.77140808105469
2019-09-09,110.19999694824219,104.5,105.0,108.5,78100.0,108.0621337890625
2019-09-10,113.9000015258789,110.19999694824219,110.4000015258789,110.19999694824219,118500.0,109.7552719116211
2019-09-11,109.9000015258789,106.69999694824219,109.0,107.0,211700.0,106.56818389892578
2019-09-12,106.4000015258789,102.4000015258789,104.9000015258789,105.19999694824219,142600.0,104.77545166015625
2019-09-13,107.69999694824219,105.5,105.5,107.5,87800.0,107.06616973876953
2019-09-16,110.19999694824219,107.5999984741211,109.5999984741211,108.19999694824219,96900.0,107.76333618164062
2019-09-17,108.69999694824219,106.9000015258789,108.19999694824219,107.0,50100.0,106.56818389892578
2019-09-18,111.4000015258789,106.80000305175781,107.30000305175781,107.0,64000.0,106.56818389892578
2019-09-19,106.69999694824219,103.5,106.0999984741211,106.30000305175781,100600.0,105.87101745605469
2019-09-20,110.9000015258789,105.0,105.0,109.9000015258789,86700.0,109.45648956298828
2019-09-23,110.69999694824219,108.19999694824219,110.30000305175781,109.0999984741211,56400.0,108.65971374511719
2019-09-24,113.30000305175781,105.4000015258789,106.5999984741211,111.9000015258789,176900.0,111.8482437133789
2019-09-25,115.4000015258789,107.0,112.4000015258789,107.9000015258789,159300.0,107.85009002685547
2019-09-26,110.0999984741211,106.5,108.0,107.69999694824219,108600.0,107.65017700195312
2019-09-27,114.4000015258789,106.9000015258789,107.0999984741211,112.0999984741211,153400.0,112.04814147949219
2019-09-30,111.0,107.69999694824219,110.80000305175781,108.5,110400.0,108.44981384277344
2019-10-01,111.5999984741211,104.80000305175781,107.0,111.30000305175781,163400.0,111.24851989746094
2019-10-02,120.19999694824219,113.5999984741211,113.5999984741211,117.80000305175781,266700.0,117.74551391601562
2019-10-03,122.4000015258789,113.4000015258789,118.30000305175781,113.5,349200.0,113.44750213623047
2019-10-04,111.4000015258789,107.5,111.4000015258789,107.80000305175781,180500.0,107.7501449584961
2019-10-07,109.5,106.69999694824219,109.30000305175781,109.5,150600.0,109.44934844970703
2019-10-08,115.30000305175781,110.5,111.5999984741211,115.30000305175781,220200.0,115.24667358398438
2019-10-09,112.19999694824219,108.9000015258789,111.80000305175781,110.4000015258789,118700.0,110.34893798828125
2019-10-10,110.5,106.69999694824219,110.19999694824219,108.0,224200.0,107.95004272460938
2019-10-11,104.5,100.69999694824219,104.0,103.4000015258789,372700.0,103.35218048095703
2019-10-14,104.0,102.4000015258789,104.0,103.69999694824219,107400.0,103.65203094482422
2019-10-15,102.5999984741211,99.5999984741211,102.4000015258789,100.30000305175781,106100.0,100.25360870361328
2019-10-16,103.4000015258789,101.80000305175781,102.0,102.4000015258789,102500.0,102.3526382446289
2019-10-17,104.5999984741211,100.5999984741211,101.0,103.19999694824219,95900.0,103.15225982666016
2019-10-18,108.0,103.0999984741211,103.80000305175781,105.9000015258789,176100.0,105.85102081298828
2019-10-21,105.30000305175781,102.5,103.69999694824219,102.5999984741211,84500.0,102.55254364013672
2019-10-22,107.0,100.9000015258789,102.0,106.69999694824219,136200.0,106.65064239501953
2019-10-23,108.4000015258789,106.4000015258789,107.9000015258789,106.5999984741211,126800.0,106.55068969726562
2019-10-24,104.4000015258789,101.69999694824219,103.4000015258789,101.9000015258789,132500.0,101.85287475585938
2019-10-25,102.0,98.0,102.0,98.4000015258789,1329500.0,98.35448455810547
2019-10-28,96.0,94.4000015258789,96.0,94.69999694824219,958200.0,94.65619659423828
2019-10-29,97.19999694824219,94.30000305175781,94.80000305175781,97.0999984741211,909500.0,97.05508422851562
2019-10-30,98.0999984741211,95.0,96.4000015258789,95.30000305175781,975800.0,95.25592041015625
2019-10-31,97.30000305175781,94.5999984741211,95.19999694824219,95.5999984741211,1317400.0,95.55577850341797
2019-11-01,95.0,92.19999694824219,95.0,92.30000305175781,960000.0,92.25730895996094
2019-11-04,91.19999694824219,89.80000305175781,90.0999984741211,90.69999694824219,614900.0,90.65804290771484
2019-11-05,92.0,90.0,90.0,91.0999984741211,1687700.0,91.05785369873047
2019-11-06,92.5999984741211,90.69999694824219,91.30000305175781,91.19999694824219,2983800.0,91.1578140258789
2019-11-07,89.69999694824219,87.5,89.4000015258789,89.0999984741211,1328000.0,89.05878448486328
2019-11-08,90.80000305175781,87.5,89.9000015258789,87.5,881600.0,87.45952606201172
2019-11-11,89.4000015258789,87.0999984741211,89.0999984741211,87.30000305175781,699400.0,87.25962829589844
2019-11-12,87.69999694824219,85.5999984741211,87.0,86.5999984741211,907200.0,86.5599365234375
2019-11-13,87.5999984741211,85.80000305175781,87.30000305175781,86.0,795000.0,85.96022033691406
2019-11-14,87.69999694824219,86.0999984741211,87.0999984741211,86.4000015258789,973800.0,86.36003875732422
2019-11-15,85.4000015258789,84.30000305175781,84.5999984741211,84.4000015258789,801900.0,84.3609619140625
2019-11-18,85.4000015258789,83.0999984741211,84.30000305175781,83.5999984741211,586000.0,83.56132507324219
2019-11-19,83.9000015258789,82.4000015258789,82.5999984741211,82.9000015258789,795200.0,82.86165618896484
2019-11-20,86.5,83.0,83.69999694824219,84.5999984741211,1041200.0,84.56086730957031
2019-11-21,86.4000015258789,84.80000305175781,84.9000015258789,85.9000015258789,800900.0,85.86026763916016
2019-11-22,87.30000305175781,84.80000305175781,85.0,86.19999694824219,652500.0,86.16012573242188
2019-11-25,84.9000015258789,82.5,84.9000015258789,82.5999984741211,831200.0,82.5617904663086
2019-11-26,82.69999694824219,81.69999694824219,82.30000305175781,82.30000305175781,684500.0,82.26193237304688
2019-11-27,82.30000305175781,81.0,81.5,81.0999984741211,474400.0,81.06248474121094
2019-11-29,82.0999984741211,81.19999694824219,81.80000305175781,81.80000305175781,266000.0,81.76216125488281
2019-12-02,86.30000305175781,81.5999984741211,81.5999984741211,85.19999694824219,1536000.0,85.16058349609375
2019-12-03,90.30000305175781,87.30000305175781,89.5999984741211,87.5,2060800.0,87.45952606201172
2019-12-04,86.80000305175781,85.5999984741211,85.69999694824219,86.4000015258789,886000.0,86.36003875732422
2019-12-05,86.5999984741211,85.30000305175781,85.4000015258789,85.4000015258789,852300.0,85.36050415039062
2019-12-06,83.9000015258789,82.5,83.9000015258789,82.69999694824219,968200.0,82.6617431640625
2019-12-09,84.0,82.30000305175781,83.5,84.0,594300.0,83.96114349365234
2019-12-10,84.4000015258789,82.5999984741211,83.69999694824219,83.9000015258789,557300.0,83.86119842529297
2019-12-11,83.69999694824219,81.9000015258789,83.19999694824219,82.0999984741211,558900.0,82.06201934814453
2019-12-12,83.4000015258789,79.0999984741211,82.69999694824219,79.5999984741211,981900.0,79.56317901611328
2019-12-13,80.30000305175781,77.4000015258789,79.5999984741211,77.9000015258789,966700.0,77.86396789550781
2019-12-16,76.4000015258789,75.0999984741211,76.19999694824219,76.0,446400.0,75.96485137939453
2019-12-17,76.80000305175781,75.5999984741211,75.5999984741211,76.30000305175781,376600.0,76.26470947265625
2019-12-18,76.5,75.5999984741211,76.0999984741211,76.5,294800.0,76.46461486816406
2019-12-19,76.5,74.80000305175781,76.5,74.9000015258789,402700.0,74.8653564453125
2019-12-20,74.19999694824219,73.19999694824219,73.9000015258789,73.69999694824219,622300.0,73.66590881347656
2019-12-23,72.9000015258789,72.0999984741211,72.9000015258789,72.5999984741211,390200.0,72.59005737304688
2019-12-24,73.0999984741211,72.4000015258789,72.5,72.69999694824219,182900.0,72.6900405883789
2019-12-26,72.30000305175781,71.0999984741211,72.19999694824219,71.0999984741211,563300.0,71.09026336669922
2019-12-27,71.69999694824219,70.0999984741211,70.19999694824219,71.0999984741211,555100.0,71.09026336669922
2019-12-30,74.0,71.0999984741211,71.30000305175781,72.19999694824219,1462700.0,72.19010925292969
2019-12-31,73.4000015258789,71.5,73.19999694824219,71.5,659900.0,71.49020385742188
2020-01-02,70.0999984741211,67.69999694824219,69.9000015258789,67.69999694824219,1291100.0,67.69072723388672
2020-01-03,70.80000305175781,68.5999984741211,70.80000305175781,69.9000015258789,972000.0,69.89042663574219
2020-01-06,72.5,69.30000305175781,72.0999984741211,69.30000305175781,847800.0,69.29051208496094
2020-01-07,69.9000015258789,68.5999984741211,69.5,69.5,636300.0,69.490478515625
2020-01-08,69.69999694824219,66.5,69.19999694824219,67.4000015258789,1699800.0,67.3907699584961
2020-01-09,66.5,64.9000015258789,65.5,65.0,845100.0,64.99109649658203
2020-01-10,65.9000015258789,64.0999984741211,64.30000305175781,65.5,864200.0,65.49102783203125
2020-01-13,64.69999694824219,62.900001525878906,64.5999984741211,62.900001525878906,1087500.0,62.89138412475586
2020-01-14,64.30000305175781,62.70000076293945,63.0,64.0,1258100.0,63.991233825683594
2020-01-15,64.5,62.79999923706055,63.79999923706055,63.79999923706055,602900.0,63.791259765625
2020-01-16,62.79999923706055,61.20000076293945,62.70000076293945,61.20000076293945,971800.0,61.191619873046875
2020-01-17,61.400001525878906,59.900001525878906,60.400001525878906,59.900001525878906,905900.0,59.89179611206055
2020-01-21,60.79999923706055,59.099998474121094,60.599998474121094,60.099998474121094,1343700.0,60.091766357421875
2020-01-22,59.599998474121094,58.20000076293945,59.0,59.400001525878906,1002500.0,59.39186477661133
2020-01-23,60.099998474121094,58.5,59.5,58.5,1189900.0,58.49198532104492
2020-01-24,60.099998474121094,56.900001525878906,57.400001525878906,59.400001525878906,1772600.0,59.39186477661133
2020-01-27,64.5,62.400001525878906,63.400001525878906,63.599998474121094,2774600.0,63.591285705566406
2020-01-28,62.5,59.599998474121094,62.0,60.0,1598300.0,59.991783142089844
2020-01-29,60.29999923706055,58.400001525878906,58.599998474121094,59.79999923706055,1564000.0,59.79180908203125
2020-01-30,60.70000076293945,57.900001525878906,60.0,58.0,2293900.0,57.9920539855957
2020-01-31,63.400001525878906,59.0,59.0,62.900001525878906,3513200.0,62.89138412475586
2020-02-03,63.20000076293945,59.900001525878906,62.599998474121094,60.400001525878906,2329500.0,60.391727447509766
2020-02-04,57.70000076293945,55.29999923706055,57.099998474121094,55.599998474121094,3064100.0,55.592384338378906
2020-02-05,55.900001525878906,52.900001525878906,53.099998474121094,54.599998474121094,2610200.0,54.59252166748047
2020-02-06,54.70000076293945,53.20000076293945,53.900001525878906,53.20000076293945,2038900.0,53.19271469116211
2020-02-07,55.0,53.29999923706055,54.099998474121094,54.599998474121094,2542300.0,54.59252166748047
2020-02-10,55.70000076293945,52.5,55.70000076293945,52.599998474121094,1346800.0,52.59279251098633
2020-02-11,53.5,51.0,51.0,53.099998474121094,2541300.0,53.09272384643555
2020-02-12,52.70000076293945,51.29999923706055,52.20000076293945,51.29999923706055,1622100.0,51.292972564697266
2020-02-13,52.70000076293945,50.79999923706055,52.70000076293945,51.79999923706055,2019300.0,51.792903900146484
2020-02-14,52.0,50.79999923706055,51.400001525878906,51.0,898600.0,50.99301528930664
2020-02-18,52.5,51.400001525878906,52.400001525878906,51.599998474121094,1338500.0,51.59292984008789
2020-02-19,50.900001525878906,49.5,50.79999923706055,49.79999923706055,2004400.0,49.79317855834961
2020-02-20,53.29999923706055,49.79999923706055,50.29999923706055,51.29999923706055,2560700.0,51.292972564697266
2020-02-21,55.79999923706055,52.099998474121094,52.20000076293945,54.900001525878906,4163100.0,54.89248275756836
2020-02-24,64.4000015258789,59.400001525878906,63.0,61.70000076293945,5551000.0,61.691551208496094
2020-02-25,68.30000305175781,59.400001525878906,60.0,67.5,9426600.0,67.49075317382812
2020-02-26,68.30000305175781,62.29999923706055,66.5,66.69999694824219,7971100.0,66.69086456298828
2020-02-27,77.5999984741211,69.19999694824219,73.9000015258789,77.5999984741211,12648200.0,77.58937072753906
2020-02-28,87.5,73.69999694824219,87.19999694824219,75.5999984741211,13080800.0,75.58964538574219
2020-03-02,75.80000305175781,62.599998474121094,72.0999984741211,62.599998474121094,9417000.0,62.59142303466797
2020-03-03,71.80000305175781,60.29999923706055,61.5,69.9000015258789,11517700.0,69.89042663574219
2020-03-04,68.30000305175781,60.79999923706055,65.5,61.0,6369200.0,60.99164581298828
2020-03-05,67.69999694824219,62.29999923706055,66.19999694824219,66.69999694824219,6005000.0,66.69086456298828
2020-03-06,76.19999694824219,69.69999694824219,73.30000305175781,71.0,7223500.0,70.99027252197266
2020-03-09,88.0,78.30000305175781,87.5999984741211,86.80000305175781,5191600.0,86.78811645507812
2020-03-10,85.5999984741211,69.9000015258789,76.4000015258789,69.9000015258789,6172600.0,69.89042663574219
2020-03-11,82.4000015258789,74.0999984741211,75.9000015258789,79.5999984741211,5182000.0,79.58909606933594
2020-03-12,103.0,84.0999984741211,97.5,103.0,7241600.0,102.98589324951172
2020-03-13,99.0999984741211,70.0,83.19999694824219,70.0,7123900.0,69.99040985107422
2020-03-16,100.0,77.5999984741211,94.0,92.80000305175781,5010900.0,92.78729248046875
2020-03-17,96.80000305175781,72.5,85.4000015258789,76.5999984741211,6300800.0,76.58950805664062
2020-03-18,95.19999694824219,79.4000015258789,89.9000015258789,82.5,5720000.0,82.48870086669922
2020-03-19,91.19999694824219,73.30000305175781,84.5999984741211,82.0999984741211,3671400.0,82.08875274658203
2020-03-20,93.4000015258789,74.5999984741211,75.80000305175781,92.5,4858200.0,92.4873275756836
2020-03-23,104.4000015258789,88.5999984741211,93.0,94.9000015258789,4836400.0,94.88700103759766
2020-03-24,80.0,66.69999694824219,79.9000015258789,68.0999984741211,5294800.0,68.0999984741211
2020-03-25,69.9000015258789,57.599998474121094,67.4000015258789,66.4000015258789,6599300.0,66.4000015258789
2020-03-26,64.5999984741211,53.70000076293945,63.900001525878906,54.099998474121094,5473800.0,54.099998474121094
2020-03-27,61.29999923706055,55.900001525878906,59.5,60.79999923706055,5747300.0,60.79999923706055
2020-03-30,59.29999923706055,53.20000076293945,58.5,53.599998474121094,5692000.0,53.599998474121094
2020-03-31,57.20000076293945,51.0,54.0,56.5,5278900.0,56.5
2020-04-01,65.5,58.599998474121094,61.900001525878906,63.900001525878906,6176300.0,63.900001525878906
2020-04-02,65.69999694824219,59.599998474121094,65.30000305175781,59.900001525878906,5133500.0,59.900001525878906
2020-04-03,64.5999984741211,58.79999923706055,60.900001525878906,62.599998474121094,5342300.0,62.599998474121094
2020-04-06,55.5,45.599998474121094,54.70000076293945,46.599998474121094,743000.0,46.599998474121094
2020-04-07,47.70000076293945,41.400001525878906,41.79999923706055,47.599998474121094,671800.0,47.599998474121094
2020-04-08,47.099998474121094,43.29999923706055,46.0,43.900001525878906,413000.0,43.900001525878906
2020-04-09,44.79999923706055,41.599998474121094,42.0,43.599998474121094,603400.0,43.599998474121094
2020-04-13,46.099998474121094,43.20000076293945,44.400001525878906,43.20000076293945,405300.0,43.20000076293945
2020-04-14,40.900001525878906,38.0,40.20000076293945,38.099998474121094,541900.0,38.099998474121094
2020-04-15,41.29999923706055,39.5,40.29999923706055,40.5,487900.0,40.5
2020-04-16,41.0,38.70000076293945,39.099998474121094,39.099998474121094,411100.0,39.099998474121094
2020-04-17,39.20000076293945,36.900001525878906,36.900001525878906,37.5,412500.0,37.5
2020-04-20,39.400001525878906,37.5,38.900001525878906,39.20000076293945,307400.0,39.20000076293945
2020-04-21,44.900001525878906,40.599998474121094,41.0,44.099998474121094,744500.0,44.099998474121094
2020-04-22,41.400001525878906,38.599998474121094,41.0,39.0,3294600.0,39.0
2020-04-23,39.91999816894531,37.47999954223633,38.7400016784668,39.849998474121094,587800.0,39.849998474121094
2020-04-24,40.060001373291016,37.31999969482422,39.5,37.31999969482422,560000.0,37.31999969482422
2020-04-27,37.029998779296875,36.0,36.349998474121094,36.279998779296875,382200.0,36.279998779296875
2020-04-28,37.95000076293945,34.84000015258789,35.04999923706055,37.77000045776367,654900.0,37.77000045776367
2020-04-29,35.77000045776367,32.7599983215332,35.41999816894531,33.0,633100.0,33.0
2020-04-30,34.290000915527344,32.9900016784668,33.02000045776367,33.5,452700.0,33.5
2020-05-01,36.70000076293945,34.41999816894531,35.68000030517578,36.43000030517578,715600.0,36.43000030517578
2020-05-04,37.33000183105469,34.79999923706055,37.130001068115234,34.79999923706055,430100.0,34.79999923706055
2020-05-05,33.81999969482422,32.099998474121094,33.58000183105469,33.33000183105469,359100.0,33.33000183105469
2020-05-06,33.130001068115234,31.709999084472656,32.599998474121094,32.72999954223633,312600.0,32.72999954223633
2020-05-07,31.469999313354492,30.639999389648438,31.389999389648438,31.09000015258789,369600.0,31.09000015258789
2020-05-08,30.809999465942383,29.780000686645508,30.299999237060547,29.860000610351562,394100.0,29.860000610351562
2020-05-11,30.610000610351562,28.700000762939453,30.610000610351562,29.1200008392334,335300.0,29.1200008392334
2020-05-12,31.06999969482422,28.709999084472656,28.8700008392334,31.06999969482422,411800.0,31.06999969482422
2020-05-13,33.79999923706055,30.280000686645508,30.829999923706055,32.65999984741211,823800.0,32.65999984741211
2020-05-14,34.36000061035156,31.299999237060547,33.189998626708984,31.299999237060547,492700.0,31.299999237060547
2020-05-15,33.08000183105469,30.8700008392334,32.97999954223633,30.8700008392334,341600.0,30.8700008392334
2020-05-18,29.3799991607666,28.079999923706055,29.09000015258789,28.65999984741211,833900.0,28.65999984741211
2020-05-19,28.989999771118164,27.600000381469727,28.540000915527344,28.989999771118164,701800.0,28.989999771118164
2020-05-20,27.729999542236328,26.860000610351562,27.65999984741211,27.059999465942383,922100.0,27.059999465942383
2020-05-21,28.18000030517578,26.8700008392334,27.110000610351562,28.149999618530273,1104300.0,28.149999618530273
2020-05-22,28.6200008392334,27.760000228881836,28.31999969482422,27.780000686645508,727000.0,27.780000686645508
2020-05-26,27.989999771118164,26.1299991607666,26.229999542236328,27.93000030517578,405100.0,27.93000030517578
2020-05-27,29.709999084472656,27.389999389648438,27.93000030517578,27.389999389648438,888100.0,27.389999389648438
2020-05-28,27.84000015258789,26.110000610351562,27.84000015258789,27.639999389648438,948100.0,27.639999389648438
2020-05-29,28.030000686645508,26.3700008392334,27.360000610351562,26.610000610351562,648800.0,26.610000610351562
2020-06-01,27.280000686645508,26.43000030517578,26.940000534057617,26.65999984741211,410500.0,26.65999984741211
2020-06-02,27.170000076293945,25.799999237060547,26.350000381469727,25.799999237060547,719200.0,25.799999237060547
2020-06-03,25.84000015258789,25.0,25.520000457763672,25.18000030517578,592700.0,25.18000030517578
2020-06-04,26.25,25.0,25.450000762939453,25.8700008392334,731600.0,25.8700008392334
2020-06-05,25.40999984741211,23.579999923706055,25.200000762939453,23.75,975000.0,23.75
2020-06-08,24.559999465942383,23.389999389648438,23.850000381469727,23.389999389648438,495100.0,23.389999389648438
2020-06-09,23.850000381469727,22.760000228881836,23.84000015258789,23.1200008392334,495700.0,23.1200008392334
2020-06-10,22.709999084472656,21.40999984741211,22.579999923706055,21.920000076293945,767300.0,21.920000076293945
2020-06-11,25.729999542236328,22.989999771118164,23.219999313354492,25.670000076293945,1778000.0,25.670000076293945
2020-06-12,26.059999465942383,23.229999542236328,23.489999771118164,24.700000762939453,1668000.0,24.700000762939453
2020-06-15,26.260000228881836,23.649999618530273,26.15999984741211,24.020000457763672,722300.0,24.020000457763672
2020-06-16,23.510000228881836,21.799999237060547,22.25,22.459999084472656,1221000.0,22.459999084472656
2020-06-17,22.56999969482422,21.829999923706055,22.110000610351562,22.450000762939453,638600.0,22.450000762939453
2020-06-18,22.690000534057617,22.079999923706055,22.6200008392334,22.09000015258789,419700.0,22.09000015258789
2020-06-19,22.90999984741211,21.280000686645508,21.350000381469727,22.549999237060547,664200.0,22.549999237060547
2020-06-22,22.639999389648438,21.290000915527344,22.5,21.309999465942383,588300.0,21.309999465942383
2020-06-23,20.959999084472656,20.149999618530273,20.75,20.850000381469727,763000.0,20.850000381469727
2020-06-24,22.610000610351562,20.780000686645508,21.18000030517578,22.270000457763672,1741800.0,22.270000457763672
2020-06-25,22.8799991607666,21.34000015258789,22.239999771118164,21.420000076293945,998500.0,21.420000076293945
2020-06-26,22.860000610351562,21.43000030517578,21.56999969482422,22.6200008392334,1284000.0,22.6200008392334
2020-06-29,23.489999771118164,21.93000030517578,22.600000381469727,21.93000030517578,983200.0,21.93000030517578
2020-06-30,21.989999771118164,20.479999542236328,21.989999771118164,20.770000457763672,989100.0,20.770000457763672
2020-07-01,20.979999542236328,20.290000915527344,20.739999771118164,20.6299991607666,782600.0,20.6299991607666
2020-07-02,20.389999389648438,19.719999313354492,20.010000228881836,20.290000915527344,1037400.0,20.290000915527344
2020-07-06,19.520000457763672,18.920000076293945,19.5,19.200000762939453,1307200.0,19.200000762939453
2020-07-07,19.850000381469727,18.690000534057617,19.34000015258789,19.81999969482422,1457000.0,19.81999969482422
2020-07-08,19.65999984741211,18.829999923706055,19.360000610351562,18.829999923706055,1042800.0,18.829999923706055
2020-07-09,19.43000030517578,18.3700008392334,18.459999084472656,18.600000381469727,2279300.0,18.600000381469727
2020-07-10,19.299999237060547,18.6200008392334,18.709999084472656,18.639999389648438,1400400.0,18.639999389648438
2020-07-13,19.940000534057617,17.790000915527344,18.139999389648438,19.829999923706055,2832800.0,19.829999923706055
2020-07-14,20.90999984741211,19.020000457763672,20.350000381469727,19.139999389648438,3767100.0,19.139999389648438
2020-07-15,19.479999542236328,18.31999969482422,18.719999313354492,18.829999923706055,1789500.0,18.829999923706055
2020-07-16,19.920000076293945,19.239999771118164,19.40999984741211,19.5,1928300.0,19.5
2020-07-17,19.75,19.049999237060547,19.190000534057617,19.200000762939453,1215900.0,19.200000762939453
2020-07-20,19.3700008392334,17.600000381469727,19.010000228881836,17.719999313354492,1836000.0,17.719999313354492
2020-07-21,18.469999313354492,17.329999923706055,17.329999923706055,18.260000228881836,2233400.0,18.260000228881836
2020-07-22,18.260000228881836,17.65999984741211,18.170000076293945,17.850000381469727,2172200.0,17.850000381469727
2020-07-23,19.450000762939453,17.760000228881836,18.100000381469727,19.200000762939453,3135000.0,19.200000762939453
2020-07-24,20.850000381469727,19.540000915527344,20.15999984741211,19.889999389648438,5413300.0,19.889999389648438
2020-07-27,19.65999984741211,18.899999618530273,19.520000457763672,18.959999084472656,2703000.0,18.959999084472656
2020-07-28,19.670000076293945,18.969999313354492,19.139999389648438,19.639999389648438,1939600.0,19.639999389648438
2020-07-29,19.389999389648438,18.6200008392334,19.389999389648438,18.75,2096100.0,18.75
2020-07-30,19.56999969482422,18.420000076293945,19.290000915527344,18.450000762939453,2308200.0,18.450000762939453
2020-07-31,18.5,17.06999969482422,17.59000015258789,17.079999923706055,3981600.0,17.079999923706055
2020-08-03,16.40999984741211,15.649999618530273,16.40999984741211,15.819999694824219,3573100.0,15.819999694824219
2020-08-04,16.110000610351562,15.680000305175781,15.9399995803833,15.680000305175781,2197100.0,15.680000305175781
2020-08-05,15.739999771118164,15.40999984741211,15.630000114440918,15.520000457763672,1613200.0,15.520000457763672
2020-08-06,15.640000343322754,14.819999694824219,15.569999694824219,14.850000381469727,1819600.0,14.850000381469727
2020-08-07,15.859999656677246,15.020000457763672,15.050000190734863,15.520000457763672,3748700.0,15.520000457763672
2020-08-10,16.270000457763672,15.350000381469727,15.390000343322754,15.65999984741211,1956600.0,15.65999984741211
2020-08-11,16.579999923706055,15.609999656677246,15.819999694824219,16.5,3020300.0,16.5
2020-08-12,16.139999389648438,15.239999771118164,16.079999923706055,15.359999656677246,1693100.0,15.359999656677246
2020-08-13,15.5,14.949999809265137,15.289999961853027,15.350000381469727,1354800.0,15.350000381469727
2020-08-14,15.630000114440918,15.25,15.329999923706055,15.359999656677246,1113200.0,15.359999656677246
2020-08-17,15.140000343322754,14.960000038146973,15.069999694824219,15.050000190734863,1008500.0,15.050000190734863
2020-08-18,15.270000457763672,14.770000457763672,14.949999809265137,14.890000343322754,1177700.0,14.890000343322754
2020-08-19,15.020000457763672,14.59000015258789,14.800000190734863,14.970000267028809,1587300.0,14.970000267028809
2020-08-20,15.15999984741211,14.260000228881836,15.130000114440918,14.359999656677246,1398600.0,14.359999656677246
2020-08-21,14.319999694824219,13.75,14.279999732971191,13.789999961853027,1791600.0,13.789999961853027
2020-08-24,13.789999961853027,13.199999809265137,13.270000457763672,13.4399995803833,1751100.0,13.4399995803833
2020-08-25,13.59000015258789,13.220000267028809,13.5600004196167,13.229999542236328,1330600.0,13.229999542236328
2020-08-26,12.90999984741211,12.329999923706055,12.869999885559082,12.420000076293945,1960700.0,12.420000076293945
2020-08-27,12.729999542236328,12.09000015258789,12.279999732971191,12.390000343322754,2276300.0,12.390000343322754
2020-08-28,12.289999961853027,11.949999809265137,12.25,12.050000190734863,1472700.0,12.050000190734863
2020-08-31,12.149999618530273,11.710000038146973,11.949999809265137,11.949999809265137,1870600.0,11.949999809265137
2020-09-01,11.850000381469727,11.220000267028809,11.680000305175781,11.239999771118164,2325000.0,11.239999771118164
2020-09-02,11.550000190734863,10.789999961853027,10.819999694824219,10.960000038146973,3327200.0,10.960000038146973
2020-09-03,13.09000015258789,11.470000267028809,11.5,12.850000381469727,9951600.0,12.850000381469727
2020-09-04,15.010000228881836,12.489999771118164,13.079999923706055,13.359999656677246,17606200.0,13.359999656677246
2020-09-08,15.239999771118164,13.979999542236328,15.0,15.180000305175781,9508800.0,15.180000305175781
2020-09-09,14.569999694824219,13.229999542236328,14.069999694824219,13.720000267028809,6143400.0,13.720000267028809
2020-09-10,14.850000381469727,13.0600004196167,13.140000343322754,14.569999694824219,6161300.0,14.569999694824219
2020-09-11,15.5,14.029999732971191,14.229999542236328,14.90999984741211,7250500.0,14.90999984741211
2020-09-14,14.40999984741211,13.770000457763672,14.199999809265137,14.0,3296700.0,14.0
2020-09-15,13.880000114440918,13.279999732971191,13.329999923706055,13.579999923706055,3233000.0,13.579999923706055
2020-09-16,14.25,13.369999885559082,13.4399995803833,14.229999542236328,3061300.0,14.229999542236328
2020-09-17,15.279999732971191,14.279999732971191,15.25,14.59000015258789,4276800.0,14.59000015258789
2020-09-18,15.850000381469727,14.430000305175781,14.5,15.350000381469727,5877200.0,15.350000381469727
2020-09-21,16.309999465942383,14.930000305175781,16.190000534057617,14.949999809265137,5588700.0,14.949999809265137
2020-09-22,15.199999809265137,14.119999885559082,14.420000076293945,14.210000038146973,2713900.0,14.210000038146973
2020-09-23,15.6899995803833,14.180000305175781,14.220000267028809,15.569999694824219,4404200.0,15.569999694824219
2020-09-24,16.049999237060547,14.699999809265137,16.049999237060547,15.319999694824219,6257400.0,15.319999694824219
2020-09-25,15.550000190734863,14.0600004196167,15.239999771118164,14.180000305175781,3680200.0,14.180000305175781
2020-09-28,13.850000381469727,13.369999885559082,13.420000076293945,13.390000343322754,3157000.0,13.390000343322754
2020-09-29,13.59000015258789,13.260000228881836,13.460000038146973,13.510000228881836,1825900.0,13.510000228881836
2020-09-30,13.539999961853027,12.760000228881836,13.510000228881836,13.199999809265137,2840700.0,13.199999809265137
2020-10-01,13.0,12.579999923706055,12.65999984741211,12.760000228881836,2941500.0,12.760000228881836
2020-10-02,13.880000114440918,13.069999694824219,13.710000038146973,13.720000267028809,4993400.0,13.720000267028809
